0 0 0 0 0 0 0 0 0 0 0 0 0 0 0 0 0 0 0 0 0 0 0 0 0 0 0 0 0 0 0 0 0 0 0 0 0 0 0 0 0 0 0 0 0 0 0 0 0 0 0 0 0 0 0 0 0 0 0 0 0 0 0 0 0 0 0 0 0 0 0 0 0 0 0 0 0 0 0 0 0 0 0 0 0 0 0 0 0 0 0 0 0 0 0 0 0 0 0 0 
0 1.66571e-07 3.32134e-07 4.97647e-07 6.62739e-07 8.27171e-07 9.9077e-07 1.15337e-06 1.31481e-06 1.47493e-06 1.63356e-06 1.79055e-06 1.94573e-06 2.09896e-06 2.25007e-06 2.39891e-06 2.54534e-06 2.68921e-06 2.83037e-06 2.96868e-06 3.104e-06 3.23619e-06 3.36513e-06 3.49068e-06 3.61271e-06 3.73111e-06 3.84574e-06 3.95651e-06 4.06329e-06 4.16598e-06 4.26448e-06 4.35868e-06 4.44849e-06 4.53383e-06 4.6146e-06 4.69072e-06 4.76212e-06 4.82872e-06 4.89046e-06 4.94728e-06 4.99912e-06 5.04592e-06 5.08764e-06 5.12424e-06 5.15568e-06 5.18193e-06 5.20296e-06 5.21875e-06 5.22928e-06 5.23455e-06 5.23455e-06 5.22928e-06 5.21875e-06 5.20296e-06 5.18193e-06 5.15568e-06 5.12424e-06 5.08764e-06 5.04592e-06 4.99912e-06 4.94728e-06 4.89046e-06 4.82872e-06 4.76212e-06 4.69072e-06 4.6146e-06 4.53383e-06 4.44849e-06 4.35868e-06 4.26448e-06 4.16598e-06 4.06329e-06 3.95651e-06 3.84574e-06 3.73111e-06 3.61271e-06 3.49068e-06 3.36513e-06 3.23619e-06 3.104e-06 2.96868e-06 2.83037e-06 2.68921e-06 2.54534e-06 2.39891e-06 2.25007e-06 2.09896e-06 1.94573e-06 1.79055e-06 1.63356e-06 1.47493e-06 1.31481e-06 1.15337e-06 9.9077e-07 8.27171e-07 6.62738e-07 4.97639e-07 3.32038e-07 1.66102e-07 0 
0 3.30766e-07 6.5953e-07 9.88192e-07 1.31602e-06 1.64254e-06 1.9674e-06 2.29029e-06 2.61087e-06 2.92881e-06 3.24381e-06 3.55555e-06 3.8637e-06 4.16796e-06 4.46803e-06 4.7636e-06 5.05437e-06 5.34005e-06 5.62035e-06 5.895e-06 6.16371e-06 6.42621e-06 6.68224e-06 6.93155e-06 7.17387e-06 7.40897e-06 7.63661e-06 7.85656e-06 8.0686e-06 8.27252e-06 8.46811e-06 8.65517e-06 8.83351e-06 9.00296e-06 9.16335e-06 9.3145e-06 9.45628e-06 9.58854e-06 9.71114e-06 9.82397e-06 9.9269e-06 1.00198e-05 1.01027e-05 1.01754e-05 1.02378e-05 1.02899e-05 1.03317e-05 1.0363e-05 1.03839e-05 1.03944e-05 1.03944e-05 1.03839e-05 1.0363e-05 1.03317e-05 1.02899e-05 1.02378e-05 1.01754e-05 1.01027e-05 1.00198e-05 9.9269e-06 9.82397e-06 9.71114e-06 9.58854e-06 9.45628e-06 9.3145e-06 9.16335e-06 9.00296e-06 8.83351e-06 8.65517e-06 8.46811e-06 8.27252e-06 8.0686e-06 7.85656e-06 7.63661e-06 7.40897e-06 7.17387e-06 6.93155e-06 6.68224e-06 6.42621e-06 6.16371e-06 5.895e-06 5.62035e-06 5.34005e-06 5.05437e-06 4.7636e-06 4.46803e-06 4.16796e-06 3.8637e-06 3.55555e-06 3.24381e-06 2.92881e-06 2.61087e-06 2.29029e-06 1.9674e-06 1.64254e-06 1.31602e-06 9.88176e-07 6.59338e-07 3.29835e-07 0 
0 4.95596e-07 9.88192e-07 1.48064e-06 1.97183e-06 2.46106e-06 2.94782e-06 3.4316e-06 3.91194e-06 4.38833e-06 4.8603e-06 5.32738e-06 5.78909e-06 6.24498e-06 6.69458e-06 7.13744e-06 7.57311e-06 8.00115e-06 8.42114e-06 8.83265e-06 9.23526e-06 9.62858e-06 1.00122e-05 1.03857e-05 1.07488e-05 1.11011e-05 1.14422e-05 1.17717e-05 1.20894e-05 1.2395e-05 1.2688e-05 1.29683e-05 1.32355e-05 1.34894e-05 1.37297e-05 1.39562e-05 1.41686e-05 1.43668e-05 1.45505e-05 1.47195e-05 1.48738e-05 1.5013e-05 1.51371e-05 1.5246e-05 1.53396e-05 1.54177e-05 1.54802e-05 1.55272e-05 1.55586e-05 1.55743e-05 1.55743e-05 1.55586e-05 1.55272e-05 1.54802e-05 1.54177e-05 1.53396e-05 1.5246e-05 1.51371e-05 1.5013e-05 1.48738e-05 1.47195e-05 1.45505e-05 1.43668e-05 1.41686e-05 1.39562e-05 1.37297e-05 1.34894e-05 1.32355e-05 1.29683e-05 1.2688e-05 1.2395e-05 1.20894e-05 1.17717e-05 1.14422e-05 1.11011e-05 1.07488e-05 1.03857e-05 1.00122e-05 9.62858e-06 9.23526e-06 8.83265e-06 8.42114e-06 8.00115e-06 7.57311e-06 7.13744e-06 6.69458e-06 6.24498e-06 5.78909e-06 5.32738e-06 4.8603e-06 4.38833e-06 3.91194e-06 3.4316e-06 2.94782e-06 2.46106e-06 1.97183e-06 1.48061e-06 9.87905e-07 4.94201e-07 0 
0 6.60008e-07 1.31602e-06 1.97183e-06 2.62598e-06 3.27751e-06 3.92575e-06 4.57003e-06 5.20971e-06 5.84414e-06 6.47269e-06 7.09472e-06 7.70961e-06 8.31673e-06 8.91548e-06 9.50525e-06 1.00855e-05 1.06555e-05 1.12148e-05 1.17628e-05 1.2299e-05 1.28228e-05 1.33337e-05 1.38312e-05 1.43147e-05 1.47838e-05 1.52381e-05 1.56769e-05 1.61e-05 1.65069e-05 1.68972e-05 1.72705e-05 1.76263e-05 1.79645e-05 1.82845e-05 1.85861e-05 1.8869e-05 1.91329e-05 1.93776e-05 1.96027e-05 1.98081e-05 1.99935e-05 2.01588e-05 2.03039e-05 2.04284e-05 2.05324e-05 2.06158e-05 2.06783e-05 2.07201e-05 2.0741e-05 2.0741e-05 2.07201e-05 2.06783e-05 2.06158e-05 2.05324e-05 2.04284e-05 2.03039e-05 2.01588e-05 1.99935e-05 1.98081e-05 1.96027e-05 1.93776e-05 1.91329e-05 1.8869e-05 1.85861e-05 1.82845e-05 1.79645e-05 1.76263e-05 1.72705e-05 1.68972e-05 1.65069e-05 1.61e-05 1.56769e-05 1.52381e-05 1.47838e-05 1.43147e-05 1.38312e-05 1.33337e-05 1.28228e-05 1.2299e-05 1.17628e-05 1.12148e-05 1.06555e-05 1.00855e-05 9.50525e-06 8.91548e-06 8.31673e-06 7.70961e-06 7.09472e-06 6.47269e-06 5.84414e-06 5.20971e-06 4.57003e-06 3.92575e-06 3.27751e-06 2.62598e-06 1.9718e-06 1.31564e-06 6.58151e-07 0 
0 8.23762e-07 1.64254e-06 2.46106e-06 3.27751e-06 4.0907e-06 4.89976e-06 5.70389e-06 6.50228e-06 7.29412e-06 8.07862e-06 8.85499e-06 9.62243e-06 1.03802e-05 1.11275e-05 1.18636e-05 1.25878e-05 1.32992e-05 1.39973e-05 1.46813e-05 1.53505e-05 1.60043e-05 1.66419e-05 1.72628e-05 1.78663e-05 1.84518e-05 1.90188e-05 1.95665e-05 2.00946e-05 2.06025e-05 2.10896e-05 2.15554e-05 2.19996e-05 2.24216e-05 2.2821e-05 2.31975e-05 2.35506e-05 2.388e-05 2.41853e-05 2.44663e-05 2.47227e-05 2.49541e-05 2.51604e-05 2.53414e-05 2.54969e-05 2.56267e-05 2.57307e-05 2.58088e-05 2.58609e-05 2.5887e-05 2.5887e-05 2.58609e-05 2.58088e-05 2.57307e-05 2.56267e-05 2.54969e-05 2.53414e-05 2.51604e-05 2.49541e-05 2.47227e-05 2.44663e-05 2.41853e-05 2.388e-05 2.35506e-05 2.31975e-05 2.2821e-05 2.24216e-05 2.19996e-05 2.15554e-05 2.10896e-05 2.06025e-05 2.00946e-05 1.95665e-05 1.90188e-05 1.84518e-05 1.78663e-05 1.72628e-05 1.66419e-05 1.60043e-05 1.53505e-05 1.46813e-05 1.39973e-05 1.32992e-05 1.25878e-05 1.18636e-05 1.11275e-05 1.03802e-05 9.62243e-06 8.85499e-06 8.07862e-06 7.29412e-06 6.50228e-06 5.70389e-06 4.89976e-06 4.09069e-06 3.27751e-06 2.46102e-06 1.64206e-06 8.21444e-07 0 
0 9.86687e-07 1.9674e-06 2.94782e-06 3.92575e-06 4.89976e-06 5.86885e-06 6.83202e-06 7.78832e-06 8.73677e-06 9.67643e-06 1.06063e-05 1.15256e-05 1.24332e-05 1.33283e-05 1.421e-05 1.50774e-05 1.59296e-05 1.67657e-05 1.7585e-05 1.83866e-05 1.91696e-05 1.99334e-05 2.06771e-05 2.14e-05 2.21013e-05 2.27803e-05 2.34365e-05 2.4069e-05 2.46773e-05 2.52607e-05 2.58187e-05 2.63507e-05 2.68562e-05 2.73346e-05 2.77855e-05 2.82085e-05 2.8603e-05 2.89687e-05 2.93053e-05 2.96123e-05 2.98896e-05 3.01367e-05 3.03535e-05 3.05397e-05 3.06952e-05 3.08198e-05 3.09133e-05 3.09757e-05 3.1007e-05 3.1007e-05 3.09757e-05 3.09133e-05 3.08198e-05 3.06952e-05 3.05397e-05 3.03535e-05 3.01367e-05 2.98896e-05 2.96123e-05 2.93053e-05 2.89687e-05 2.8603e-05 2.82085e-05 2.77855e-05 2.73346e-05 2.68562e-05 2.63507e-05 2.58187e-05 2.52607e-05 2.46773e-05 2.4069e-05 2.34365e-05 2.27803e-05 2.21013e-05 2.14e-05 2.06771e-05 1.99334e-05 1.91696e-05 1.83866e-05 1.7585e-05 1.67657e-05 1.59296e-05 1.50774e-05 1.421e-05 1.33283e-05 1.24332e-05 1.15256e-05 1.06063e-05 9.67643e-06 8.73677e-06 7.78832e-06 6.83202e-06 5.86885e-06 4.89976e-06 3.92574e-06 2.94777e-06 1.96683e-06 9.83911e-07 0 
0 1.14862e-06 2.29029e-06 3.4316e-06 4.57003e-06 5.70389e-06 6.83202e-06 7.95327e-06 9.06651e-06 1.01706e-05 1.12645e-05 1.2347e-05 1.34171e-05 1.44737e-05 1.55157e-05 1.65421e-05 1.75518e-05 1.85439e-05 1.95173e-05 2.0471e-05 2.14041e-05 2.23157e-05 2.32048e-05 2.40705e-05 2.4912e-05 2.57285e-05 2.6519e-05 2.72828e-05 2.80191e-05 2.87272e-05 2.94064e-05 3.0056e-05 3.06753e-05 3.12638e-05 3.18207e-05 3.23456e-05 3.2838e-05 3.32972e-05 3.3723e-05 3.41148e-05 3.44722e-05 3.4795e-05 3.50827e-05 3.5335e-05 3.55518e-05 3.57328e-05 3.58778e-05 3.59867e-05 3.60594e-05 3.60957e-05 3.60957e-05 3.60594e-05 3.59867e-05 3.58778e-05 3.57328e-05 3.55518e-05 3.5335e-05 3.50827e-05 3.4795e-05 3.44722e-05 3.41148e-05 3.3723e-05 3.32972e-05 3.2838e-05 3.23456e-05 3.18207e-05 3.12638e-05 3.06753e-05 3.0056e-05 2.94064e-05 2.87272e-05 2.80191e-05 2.72828e-05 2.6519e-05 2.57285e-05 2.4912e-05 2.40705e-05 2.32048e-05 2.23157e-05 2.14041e-05 2.0471e-05 1.95173e-05 1.85439e-05 1.75518e-05 1.65421e-05 1.55157e-05 1.44737e-05 1.34171e-05 1.2347e-05 1.12645e-05 1.01706e-05 9.06651e-06 7.95327e-06 6.83202e-06 5.70389e-06 4.57002e-06 3.43155e-06 2.28962e-06 1.14539e-06 0 
0 1.30939e-06 2.61087e-06 3.91194e-06 5.20971e-06 6.50228e-06 7.78832e-06 9.06651e-06 1.03356e-05 1.15942e-05 1.28412e-05 1.40753e-05 1.52951e-05 1.64996e-05 1.76875e-05 1.88575e-05 2.00086e-05 2.11395e-05 2.22492e-05 2.33364e-05 2.44001e-05 2.54393e-05 2.64528e-05 2.74398e-05 2.8399e-05 2.93297e-05 3.02309e-05 3.11016e-05 3.1941e-05 3.27482e-05 3.35225e-05 3.4263e-05 3.4969e-05 3.56398e-05 3.62747e-05 3.68731e-05 3.74344e-05 3.79579e-05 3.84433e-05 3.88899e-05 3.92974e-05 3.96653e-05 3.99933e-05 4.0281e-05 4.05281e-05 4.07344e-05 4.08998e-05 4.10239e-05 4.11067e-05 4.11481e-05 4.11481e-05 4.11067e-05 4.10239e-05 4.08998e-05 4.07344e-05 4.05281e-05 4.0281e-05 3.99933e-05 3.96653e-05 3.92974e-05 3.88899e-05 3.84433e-05 3.79579e-05 3.74344e-05 3.68731e-05 3.62747e-05 3.56398e-05 3.4969e-05 3.4263e-05 3.35225e-05 3.27482e-05 3.1941e-05 3.11016e-05 3.02309e-05 2.93297e-05 2.8399e-05 2.74398e-05 2.64528e-05 2.54393e-05 2.44001e-05 2.33364e-05 2.22492e-05 2.11395e-05 2.00086e-05 1.88575e-05 1.76875e-05 1.64996e-05 1.52951e-05 1.40753e-05 1.28412e-05 1.15942e-05 1.03356e-05 9.06651e-06 7.78832e-06 6.50228e-06 5.2097e-06 3.91187e-06 2.61011e-06 1.30571e-06 0 
0 1.46885e-06 2.92881e-06 4.38833e-06 5.84414e-06 7.29412e-06 8.73677e-06 1.01706e-05 1.15942e-05 1.30062e-05 1.4405e-05 1.57893e-05 1.71578e-05 1.85089e-05 1.98415e-05 2.1154e-05 2.24452e-05 2.37139e-05 2.49586e-05 2.61783e-05 2.73716e-05 2.85373e-05 2.96742e-05 3.07813e-05 3.18575e-05 3.29015e-05 3.39124e-05 3.48891e-05 3.58308e-05 3.67363e-05 3.76048e-05 3.84355e-05 3.92275e-05 3.998e-05 4.06922e-05 4.13635e-05 4.19931e-05 4.25804e-05 4.31249e-05 4.36259e-05 4.4083e-05 4.44957e-05 4.48636e-05 4.51864e-05 4.54636e-05 4.5695e-05 4.58805e-05 4.60197e-05 4.61126e-05 4.61591e-05 4.61591e-05 4.61126e-05 4.60197e-05 4.58805e-05 4.5695e-05 4.54636e-05 4.51864e-05 4.48636e-05 4.44957e-05 4.4083e-05 4.36259e-05 4.31249e-05 4.25804e-05 4.19931e-05 4.13635e-05 4.06922e-05 3.998e-05 3.92275e-05 3.84355e-05 3.76048e-05 3.67363e-05 3.58308e-05 3.48891e-05 3.39124e-05 3.29015e-05 3.18575e-05 3.07813e-05 2.96742e-05 2.85373e-05 2.73716e-05 2.61783e-05 2.49586e-05 2.37139e-05 2.24452e-05 2.1154e-05 1.98415e-05 1.85089e-05 1.71578e-05 1.57893e-05 1.4405e-05 1.30062e-05 1.15942e-05 1.01706e-05 8.73677e-06 7.29412e-06 5.84413e-06 4.38826e-06 2.92796e-06 1.46472e-06 0 
0 1.62683e-06 3.24381e-06 4.8603e-06 6.47269e-06 8.07862e-06 9.67643e-06 1.12645e-05 1.28412e-05 1.4405e-05 1.59543e-05 1.74875e-05 1.90031e-05 2.04996e-05 2.19754e-05 2.34292e-05 2.48593e-05 2.62644e-05 2.7643e-05 2.89938e-05 3.03154e-05 3.16065e-05 3.28658e-05 3.40919e-05 3.52838e-05 3.64401e-05 3.75597e-05 3.86415e-05 3.96844e-05 4.06874e-05 4.16493e-05 4.25694e-05 4.34465e-05 4.42799e-05 4.50688e-05 4.58122e-05 4.65095e-05 4.716e-05 4.7763e-05 4.8318e-05 4.88242e-05 4.92813e-05 4.96888e-05 5.00462e-05 5.03533e-05 5.06096e-05 5.0815e-05 5.09692e-05 5.10722e-05 5.11236e-05 5.11236e-05 5.10722e-05 5.09692e-05 5.0815e-05 5.06096e-05 5.03533e-05 5.00462e-05 4.96888e-05 4.92813e-05 4.88242e-05 4.8318e-05 4.7763e-05 4.716e-05 4.65095e-05 4.58122e-05 4.50688e-05 4.42799e-05 4.34465e-05 4.25694e-05 4.16493e-05 4.06874e-05 3.96844e-05 3.86415e-05 3.75597e-05 3.64401e-05 3.52838e-05 3.40919e-05 3.28658e-05 3.16065e-05 3.03154e-05 2.89938e-05 2.7643e-05 2.62644e-05 2.48593e-05 2.34292e-05 2.19754e-05 2.04996e-05 1.90031e-05 1.74875e-05 1.59543e-05 1.4405e-05 1.28412e-05 1.12645e-05 9.67643e-06 8.07862e-06 6.47268e-06 4.86022e-06 3.24287e-06 1.62225e-06 0 
0 1.78317e-06 3.55555e-06 5.32738e-06 7.09472e-06 8.85499e-06 1.06063e-05 1.2347e-05 1.40753e-05 1.57893e-05 1.74875e-05 1.91681e-05 2.08293e-05 2.24696e-05 2.40873e-05 2.56807e-05 2.72483e-05 2.87884e-05 3.02995e-05 3.17801e-05 3.32288e-05 3.46439e-05 3.60242e-05 3.73682e-05 3.86746e-05 3.9942e-05 4.11692e-05 4.2355e-05 4.34981e-05 4.45974e-05 4.56519e-05 4.66603e-05 4.76218e-05 4.85353e-05 4.93999e-05 5.02148e-05 5.09792e-05 5.16922e-05 5.23531e-05 5.29614e-05 5.35163e-05 5.40173e-05 5.44639e-05 5.48557e-05 5.51923e-05 5.54733e-05 5.56984e-05 5.58674e-05 5.59802e-05 5.60367e-05 5.60367e-05 5.59802e-05 5.58674e-05 5.56984e-05 5.54733e-05 5.51923e-05 5.48557e-05 5.44639e-05 5.40173e-05 5.35163e-05 5.29614e-05 5.23531e-05 5.16922e-05 5.09792e-05 5.02148e-05 4.93999e-05 4.85353e-05 4.76218e-05 4.66603e-05 4.56519e-05 4.45974e-05 4.34981e-05 4.2355e-05 4.11692e-05 3.9942e-05 3.86746e-05 3.73682e-05 3.60242e-05 3.46439e-05 3.32288e-05 3.17801e-05 3.02995e-05 2.87884e-05 2.72483e-05 2.56807e-05 2.40873e-05 2.24696e-05 2.08293e-05 1.91681e-05 1.74875e-05 1.57893e-05 1.40753e-05 1.2347e-05 1.06063e-05 8.85498e-06 7.09471e-06 5.32729e-06 3.55451e-06 1.77815e-06 0 
0 1.93771e-06 3.8637e-06 5.78909e-06 7.70961e-06 9.62243e-06 1.15256e-05 1.34171e-05 1.52951e-05 1.71578e-05 1.90031e-05 2.08293e-05 2.26346e-05 2.4417e-05 2.61749e-05 2.79064e-05 2.96098e-05 3.12834e-05 3.29255e-05 3.45345e-05 3.61086e-05 3.76465e-05 3.91464e-05 4.06068e-05 4.20265e-05 4.34037e-05 4.47373e-05 4.60258e-05 4.7268e-05 4.84626e-05 4.96084e-05 5.07043e-05 5.17491e-05 5.27417e-05 5.36813e-05 5.45669e-05 5.53974e-05 5.61722e-05 5.68905e-05 5.75514e-05 5.81544e-05 5.86989e-05 5.91842e-05 5.961e-05 5.99757e-05 6.0281e-05 6.05257e-05 6.07094e-05 6.08319e-05 6.08933e-05 6.08933e-05 6.08319e-05 6.07094e-05 6.05257e-05 6.0281e-05 5.99757e-05 5.961e-05 5.91842e-05 5.86989e-05 5.81544e-05 5.75514e-05 5.68905e-05 5.61722e-05 5.53974e-05 5.45669e-05 5.36813e-05 5.27417e-05 5.17491e-05 5.07043e-05 4.96084e-05 4.84626e-05 4.7268e-05 4.60258e-05 4.47373e-05 4.34037e-05 4.20265e-05 4.06068e-05 3.91464e-05 3.76465e-05 3.61086e-05 3.45345e-05 3.29255e-05 3.12834e-05 2.96098e-05 2.79064e-05 2.61749e-05 2.4417e-05 2.26346e-05 2.08293e-05 1.90031e-05 1.71578e-05 1.52951e-05 1.34171e-05 1.15256e-05 9.62243e-06 7.7096e-06 5.789e-06 3.86258e-06 1.93226e-06 0 
0 2.09031e-06 4.16796e-06 6.24498e-06 8.31673e-06 1.03802e-05 1.24332e-05 1.44737e-05 1.64996e-05 1.85089e-05 2.04996e-05 2.24696e-05 2.4417e-05 2.63399e-05 2.82362e-05 3.0104e-05 3.19416e-05 3.3747e-05 3.55184e-05 3.7254e-05 3.89522e-05 4.06111e-05 4.22291e-05 4.38046e-05 4.5336e-05 4.68217e-05 4.82603e-05 4.96503e-05 5.09904e-05 5.2279e-05 5.3515e-05 5.46972e-05 5.58243e-05 5.68951e-05 5.79087e-05 5.88639e-05 5.97599e-05 6.05957e-05 6.13705e-05 6.20835e-05 6.2734e-05 6.33214e-05 6.38449e-05 6.43042e-05 6.46987e-05 6.50281e-05 6.5292e-05 6.54902e-05 6.56224e-05 6.56885e-05 6.56885e-05 6.56224e-05 6.54902e-05 6.5292e-05 6.50281e-05 6.46987e-05 6.43042e-05 6.38449e-05 6.33214e-05 6.2734e-05 6.20835e-05 6.13705e-05 6.05957e-05 5.97599e-05 5.88639e-05 5.79087e-05 5.68951e-05 5.58243e-05 5.46972e-05 5.3515e-05 5.2279e-05 5.09904e-05 4.96503e-05 4.82603e-05 4.68217e-05 4.5336e-05 4.38046e-05 4.22291e-05 4.06111e-05 3.89522e-05 3.7254e-05 3.55184e-05 3.3747e-05 3.19416e-05 3.0104e-05 2.82362e-05 2.63399e-05 2.4417e-05 2.24696e-05 2.04996e-05 1.85089e-05 1.64996e-05 1.44737e-05 1.24332e-05 1.03802e-05 8.31672e-06 6.24488e-06 4.16675e-06 2.08442e-06 0 
0 2.2408e-06 4.46803e-06 6.69458e-06 8.91548e-06 1.11275e-05 1.33283e-05 1.55157e-05 1.76875e-05 1.98415e-05 2.19754e-05 2.40873e-05 2.61749e-05 2.82362e-05 3.0269e-05 3.22713e-05 3.42412e-05 3.61765e-05 3.80755e-05 3.99361e-05 4.17565e-05 4.35348e-05 4.52693e-05 4.69582e-05 4.85999e-05 5.01926e-05 5.17348e-05 5.32248e-05 5.46613e-05 5.60428e-05 5.73678e-05 5.8635e-05 5.98432e-05 6.09912e-05 6.20777e-05 6.31018e-05 6.40623e-05 6.49582e-05 6.57888e-05 6.65532e-05 6.72505e-05 6.78801e-05 6.84413e-05 6.89337e-05 6.93566e-05 6.97097e-05 6.99926e-05 7.02051e-05 7.03468e-05 7.04177e-05 7.04177e-05 7.03468e-05 7.02051e-05 6.99926e-05 6.97097e-05 6.93566e-05 6.89337e-05 6.84413e-05 6.78801e-05 6.72505e-05 6.65532e-05 6.57888e-05 6.49582e-05 6.40623e-05 6.31018e-05 6.20777e-05 6.09912e-05 5.98432e-05 5.8635e-05 5.73678e-05 5.60428e-05 5.46613e-05 5.32248e-05 5.17348e-05 5.01926e-05 4.85999e-05 4.69582e-05 4.52693e-05 4.35348e-05 4.17565e-05 3.99361e-05 3.80755e-05 3.61765e-05 3.42412e-05 3.22713e-05 3.0269e-05 2.82362e-05 2.61749e-05 2.40873e-05 2.19754e-05 1.98415e-05 1.76875e-05 1.55157e-05 1.33283e-05 1.11275e-05 8.91547e-06 6.69447e-06 4.46673e-06 2.23449e-06 0 
0 2.38903e-06 4.7636e-06 7.13744e-06 9.50525e-06 1.18636e-05 1.421e-05 1.65421e-05 1.88575e-05 2.1154e-05 2.34292e-05 2.56807e-05 2.79064e-05 3.0104e-05 3.22713e-05 3.44061e-05 3.65063e-05 3.85697e-05 4.05942e-05 4.25779e-05 4.45187e-05 4.64147e-05 4.8264e-05 5.00646e-05 5.18148e-05 5.35129e-05 5.51571e-05 5.67457e-05 5.82773e-05 5.97501e-05 6.11628e-05 6.25138e-05 6.3802e-05 6.50259e-05 6.61843e-05 6.7276e-05 6.83001e-05 6.92553e-05 7.01409e-05 7.09558e-05 7.16992e-05 7.23705e-05 7.29688e-05 7.34938e-05 7.39447e-05 7.43211e-05 7.46227e-05 7.48492e-05 7.50003e-05 7.50759e-05 7.50759e-05 7.50003e-05 7.48492e-05 7.46227e-05 7.43211e-05 7.39447e-05 7.34938e-05 7.29688e-05 7.23705e-05 7.16992e-05 7.09558e-05 7.01409e-05 6.92553e-05 6.83001e-05 6.7276e-05 6.61843e-05 6.50259e-05 6.3802e-05 6.25138e-05 6.11628e-05 5.97501e-05 5.82773e-05 5.67457e-05 5.51571e-05 5.35129e-05 5.18148e-05 5.00646e-05 4.8264e-05 4.64147e-05 4.45187e-05 4.25779e-05 4.05942e-05 3.85697e-05 3.65063e-05 3.44061e-05 3.22713e-05 3.0104e-05 2.79064e-05 2.56807e-05 2.34292e-05 2.1154e-05 1.88575e-05 1.65421e-05 1.421e-05 1.18636e-05 9.50524e-06 7.13732e-06 4.76221e-06 2.3823e-06 0 
0 2.53485e-06 5.05437e-06 7.57311e-06 1.00855e-05 1.25878e-05 1.50774e-05 1.75518e-05 2.00086e-05 2.24452e-05 2.48593e-05 2.72483e-05 2.96098e-05 3.19416e-05 3.42412e-05 3.65063e-05 3.87346e-05 4.0924e-05 4.30721e-05 4.51769e-05 4.72362e-05 4.92479e-05 5.121e-05 5.31206e-05 5.49776e-05 5.67794e-05 5.85239e-05 6.02095e-05 6.18345e-05 6.33972e-05 6.48961e-05 6.63297e-05 6.76964e-05 6.8995e-05 7.02242e-05 7.13826e-05 7.24691e-05 7.34827e-05 7.44223e-05 7.52869e-05 7.60757e-05 7.6788e-05 7.74229e-05 7.79798e-05 7.84583e-05 7.88577e-05 7.91777e-05 7.9418e-05 7.95784e-05 7.96586e-05 7.96586e-05 7.95784e-05 7.9418e-05 7.91777e-05 7.88577e-05 7.84583e-05 7.79798e-05 7.74229e-05 7.6788e-05 7.60757e-05 7.52869e-05 7.44223e-05 7.34827e-05 7.24691e-05 7.13826e-05 7.02242e-05 6.8995e-05 6.76964e-05 6.63297e-05 6.48961e-05 6.33972e-05 6.18345e-05 6.02095e-05 5.85239e-05 5.67794e-05 5.49776e-05 5.31206e-05 5.121e-05 4.92479e-05 4.72362e-05 4.51769e-05 4.30721e-05 4.0924e-05 3.87346e-05 3.65063e-05 3.42412e-05 3.19416e-05 2.96098e-05 2.72483e-05 2.48593e-05 2.24452e-05 2.00086e-05 1.75518e-05 1.50774e-05 1.25878e-05 1.00854e-05 7.57298e-06 5.0529e-06 2.52772e-06 0 
0 2.67813e-06 5.34005e-06 8.00115e-06 1.06555e-05 1.32992e-05 1.59296e-05 1.85439e-05 2.11395e-05 2.37139e-05 2.62644e-05 2.87884e-05 3.12834e-05 3.3747e-05 3.61765e-05 3.85697e-05 4.0924e-05 4.32371e-05 4.55066e-05 4.77303e-05 4.9906e-05 5.20314e-05 5.41045e-05 5.6123e-05 5.80851e-05 5.99886e-05 6.18318e-05 6.36127e-05 6.53295e-05 6.69806e-05 6.85642e-05 7.00787e-05 7.15228e-05 7.28948e-05 7.41934e-05 7.54172e-05 7.65652e-05 7.7636e-05 7.86287e-05 7.95422e-05 8.03757e-05 8.11281e-05 8.17989e-05 8.23874e-05 8.28929e-05 8.33149e-05 8.3653e-05 8.39069e-05 8.40763e-05 8.4161e-05 8.4161e-05 8.40763e-05 8.39069e-05 8.3653e-05 8.33149e-05 8.28929e-05 8.23874e-05 8.17989e-05 8.11281e-05 8.03757e-05 7.95422e-05 7.86287e-05 7.7636e-05 7.65652e-05 7.54172e-05 7.41934e-05 7.28948e-05 7.15228e-05 7.00787e-05 6.85642e-05 6.69806e-05 6.53295e-05 6.36127e-05 6.18318e-05 5.99886e-05 5.80851e-05 5.6123e-05 5.41045e-05 5.20314e-05 4.9906e-05 4.77303e-05 4.55066e-05 4.32371e-05 4.0924e-05 3.85697e-05 3.61765e-05 3.3747e-05 3.12834e-05 2.87884e-05 2.62644e-05 2.37139e-05 2.11395e-05 1.85439e-05 1.59296e-05 1.32992e-05 1.06555e-05 8.00102e-06 5.33849e-06 2.67059e-06 0 
0 2.81871e-06 5.62035e-06 8.42114e-06 1.12148e-05 1.39973e-05 1.67657e-05 1.95173e-05 2.22492e-05 2.49586e-05 2.7643e-05 3.02995e-05 3.29255e-05 3.55184e-05 3.80755e-05 4.05942e-05 4.30721e-05 4.55066e-05 4.78953e-05 5.02358e-05 5.25256e-05 5.47626e-05 5.69445e-05 5.9069e-05 6.1134e-05 6.31375e-05 6.50774e-05 6.69518e-05 6.87587e-05 7.04964e-05 7.21632e-05 7.37572e-05 7.52771e-05 7.67211e-05 7.80878e-05 7.9376e-05 8.05842e-05 8.17112e-05 8.2756e-05 8.37175e-05 8.45947e-05 8.53866e-05 8.60927e-05 8.6712e-05 8.7244e-05 8.76881e-05 8.8044e-05 8.83112e-05 8.84895e-05 8.85787e-05 8.85787e-05 8.84895e-05 8.83112e-05 8.8044e-05 8.76881e-05 8.7244e-05 8.6712e-05 8.60927e-05 8.53866e-05 8.45947e-05 8.37175e-05 8.2756e-05 8.17112e-05 8.05842e-05 7.9376e-05 7.80878e-05 7.67211e-05 7.52771e-05 7.37572e-05 7.21632e-05 7.04964e-05 6.87587e-05 6.69518e-05 6.50774e-05 6.31375e-05 6.1134e-05 5.9069e-05 5.69445e-05 5.47626e-05 5.25256e-05 5.02358e-05 4.78953e-05 4.55066e-05 4.30721e-05 4.05942e-05 3.80755e-05 3.55184e-05 3.29255e-05 3.02995e-05 2.7643e-05 2.49586e-05 2.22492e-05 1.95173e-05 1.67657e-05 1.39973e-05 1.12148e-05 8.421e-06 5.61872e-06 2.81077e-06 0 
0 2.95644e-06 5.895e-06 8.83265e-06 1.17628e-05 1.46813e-05 1.7585e-05 2.0471e-05 2.33364e-05 2.61783e-05 2.89938e-05 3.17801e-05 3.45345e-05 3.7254e-05 3.99361e-05 4.25779e-05 4.51769e-05 4.77303e-05 5.02358e-05 5.26906e-05 5.50924e-05 5.74387e-05 5.97271e-05 6.19554e-05 6.41214e-05 6.62228e-05 6.82575e-05 7.02234e-05 7.21187e-05 7.39413e-05 7.56895e-05 7.73615e-05 7.89556e-05 8.04701e-05 8.19037e-05 8.32548e-05 8.4522e-05 8.57042e-05 8.68e-05 8.78084e-05 8.87285e-05 8.95592e-05 9.02997e-05 9.09493e-05 9.15073e-05 9.19731e-05 9.23464e-05 9.26267e-05 9.28137e-05 9.29072e-05 9.29072e-05 9.28137e-05 9.26267e-05 9.23464e-05 9.19731e-05 9.15073e-05 9.09493e-05 9.02997e-05 8.95592e-05 8.87285e-05 8.78084e-05 8.68e-05 8.57042e-05 8.4522e-05 8.32548e-05 8.19037e-05 8.04701e-05 7.89556e-05 7.73615e-05 7.56895e-05 7.39413e-05 7.21187e-05 7.02234e-05 6.82575e-05 6.62228e-05 6.41214e-05 6.19554e-05 5.97271e-05 5.74387e-05 5.50924e-05 5.26906e-05 5.02358e-05 4.77303e-05 4.51769e-05 4.25779e-05 3.99361e-05 3.7254e-05 3.45345e-05 3.17801e-05 2.89938e-05 2.61783e-05 2.33364e-05 2.0471e-05 1.7585e-05 1.46813e-05 1.17628e-05 8.8325e-06 5.89328e-06 2.94813e-06 0 
0 3.09121e-06 6.16371e-06 9.23526e-06 1.2299e-05 1.53505e-05 1.83866e-05 2.14041e-05 2.44001e-05 2.73716e-05 3.03154e-05 3.32288e-05 3.61086e-05 3.89522e-05 4.17565e-05 4.45187e-05 4.72362e-05 4.9906e-05 5.25256e-05 5.50924e-05 5.76036e-05 6.00569e-05 6.24496e-05 6.47795e-05 6.70442e-05 6.92414e-05 7.13688e-05 7.34244e-05 7.5406e-05 7.73118e-05 7.91396e-05 8.08878e-05 8.25546e-05 8.41382e-05 8.56371e-05 8.70497e-05 8.83747e-05 8.96108e-05 9.07566e-05 9.1811e-05 9.2773e-05 9.36415e-05 9.44158e-05 9.5095e-05 9.56784e-05 9.61655e-05 9.65558e-05 9.68488e-05 9.70444e-05 9.71422e-05 9.71422e-05 9.70444e-05 9.68488e-05 9.65558e-05 9.61655e-05 9.56784e-05 9.5095e-05 9.44158e-05 9.36415e-05 9.2773e-05 9.1811e-05 9.07566e-05 8.96108e-05 8.83747e-05 8.70497e-05 8.56371e-05 8.41382e-05 8.25546e-05 8.08878e-05 7.91396e-05 7.73118e-05 7.5406e-05 7.34244e-05 7.13688e-05 6.92414e-05 6.70442e-05 6.47795e-05 6.24496e-05 6.00569e-05 5.76036e-05 5.50924e-05 5.25256e-05 4.9906e-05 4.72362e-05 4.45187e-05 4.17565e-05 3.89522e-05 3.61086e-05 3.32288e-05 3.03154e-05 2.73716e-05 2.44001e-05 2.14041e-05 1.83866e-05 1.53505e-05 1.2299e-05 9.23511e-06 6.16191e-06 3.08251e-06 0 
0 3.22286e-06 6.42621e-06 9.62858e-06 1.28228e-05 1.60043e-05 1.91696e-05 2.23157e-05 2.54393e-05 2.85373e-05 3.16065e-05 3.46439e-05 3.76465e-05 4.06111e-05 4.35348e-05 4.64147e-05 4.92479e-05 5.20314e-05 5.47626e-05 5.74387e-05 6.00569e-05 6.26146e-05 6.51093e-05 6.75384e-05 6.98995e-05 7.21903e-05 7.44083e-05 7.65514e-05 7.86175e-05 8.06044e-05 8.25101e-05 8.43327e-05 8.60704e-05 8.77215e-05 8.92842e-05 9.07571e-05 9.21385e-05 9.34272e-05 9.46218e-05 9.57211e-05 9.6724e-05 9.76296e-05 9.84368e-05 9.91449e-05 9.97532e-05 0.000100261 0.000100668 0.000100973 0.000101177 0.000101279 0.000101279 0.000101177 0.000100973 0.000100668 0.000100261 9.97532e-05 9.91449e-05 9.84368e-05 9.76296e-05 9.6724e-05 9.57211e-05 9.46218e-05 9.34272e-05 9.21385e-05 9.07571e-05 8.92842e-05 8.77215e-05 8.60704e-05 8.43327e-05 8.25101e-05 8.06044e-05 7.86175e-05 7.65514e-05 7.44083e-05 7.21903e-05 6.98995e-05 6.75384e-05 6.51093e-05 6.26146e-05 6.00569e-05 5.74387e-05 5.47626e-05 5.20314e-05 4.92479e-05 4.64147e-05 4.35348e-05 4.06111e-05 3.76465e-05 3.46439e-05 3.16065e-05 2.85373e-05 2.54393e-05 2.23157e-05 1.91696e-05 1.60043e-05 1.28228e-05 9.62842e-06 6.42434e-06 3.21379e-06 0 
0 3.35126e-06 6.68224e-06 1.00122e-05 1.33337e-05 1.66419e-05 1.99334e-05 2.32048e-05 2.64528e-05 2.96742e-05 3.28658e-05 3.60242e-05 3.91464e-05 4.22291e-05 4.52693e-05 4.8264e-05 5.121e-05 5.41045e-05 5.69445e-05 5.97271e-05 6.24496e-05 6.51093e-05 6.77034e-05 7.02293e-05 7.26845e-05 7.50665e-05 7.73729e-05 7.96014e-05 8.17497e-05 8.38158e-05 8.57974e-05 8.76927e-05 8.94996e-05 9.12165e-05 9.28415e-05 9.4373e-05 9.58095e-05 9.71495e-05 9.83917e-05 9.95348e-05 0.000100578 0.000101519 0.000102359 0.000103095 0.000103728 0.000104256 0.000104679 0.000104996 0.000105208 0.000105314 0.000105314 0.000105208 0.000104996 0.000104679 0.000104256 0.000103728 0.000103095 0.000102359 0.000101519 0.000100578 9.95348e-05 9.83917e-05 9.71495e-05 9.58095e-05 9.4373e-05 9.28415e-05 9.12165e-05 8.94996e-05 8.76927e-05 8.57974e-05 8.38158e-05 8.17497e-05 7.96014e-05 7.73729e-05 7.50665e-05 7.26845e-05 7.02293e-05 6.77034e-05 6.51093e-05 6.24496e-05 5.97271e-05 5.69445e-05 5.41045e-05 5.121e-05 4.8264e-05 4.52693e-05 4.22291e-05 3.91464e-05 3.60242e-05 3.28658e-05 2.96742e-05 2.64528e-05 2.32048e-05 1.99334e-05 1.66419e-05 1.33337e-05 1.0012e-05 6.6803e-06 3.34183e-06 0 
0 3.47629e-06 6.93155e-06 1.03857e-05 1.38312e-05 1.72628e-05 2.06771e-05 2.40705e-05 2.74398e-05 3.07813e-05 3.40919e-05 3.73682e-05 4.06068e-05 4.38046e-05 4.69582e-05 5.00646e-05 5.31206e-05 5.6123e-05 5.9069e-05 6.19554e-05 6.47795e-05 6.75384e-05 7.02293e-05 7.28494e-05 7.53962e-05 7.78671e-05 8.02595e-05 8.25712e-05 8.47997e-05 8.69428e-05 8.89984e-05 9.09644e-05 9.28387e-05 9.46196e-05 9.63052e-05 9.78939e-05 9.9384e-05 0.000100774 0.000102063 0.000103248 0.00010433 0.000105307 0.000106178 0.000106941 0.000107597 0.000108145 0.000108584 0.000108914 0.000109134 0.000109244 0.000109244 0.000109134 0.000108914 0.000108584 0.000108145 0.000107597 0.000106941 0.000106178 0.000105307 0.00010433 0.000103248 0.000102063 0.000100774 9.9384e-05 9.78939e-05 9.63052e-05 9.46196e-05 9.28387e-05 9.09644e-05 8.89984e-05 8.69428e-05 8.47997e-05 8.25712e-05 8.02595e-05 7.78671e-05 7.53962e-05 7.28494e-05 7.02293e-05 6.75384e-05 6.47795e-05 6.19554e-05 5.9069e-05 5.6123e-05 5.31206e-05 5.00646e-05 4.69582e-05 4.38046e-05 4.06068e-05 3.73682e-05 3.40919e-05 3.07813e-05 2.74398e-05 2.40705e-05 2.06771e-05 1.72628e-05 1.38312e-05 1.03856e-05 6.92953e-06 3.46651e-06 0 
0 3.59782e-06 7.17387e-06 1.07488e-05 1.43147e-05 1.78663e-05 2.14e-05 2.4912e-05 2.8399e-05 3.18575e-05 3.52838e-05 3.86746e-05 4.20265e-05 4.5336e-05 4.85999e-05 5.18148e-05 5.49776e-05 5.80851e-05 6.1134e-05 6.41214e-05 6.70442e-05 6.98995e-05 7.26845e-05 7.53962e-05 7.8032e-05 8.05893e-05 8.30654e-05 8.54578e-05 8.77643e-05 8.99823e-05 9.21098e-05 9.41444e-05 9.60843e-05 9.79275e-05 9.9672e-05 0.000101316 0.000102858 0.000104297 0.000105631 0.000106858 0.000107977 0.000108988 0.000109889 0.00011068 0.000111359 0.000111926 0.00011238 0.000112721 0.000112949 0.000113063 0.000113063 0.000112949 0.000112721 0.00011238 0.000111926 0.000111359 0.00011068 0.000109889 0.000108988 0.000107977 0.000106858 0.000105631 0.000104297 0.000102858 0.000101316 9.9672e-05 9.79275e-05 9.60843e-05 9.41444e-05 9.21098e-05 8.99823e-05 8.77643e-05 8.54578e-05 8.30654e-05 8.05893e-05 7.8032e-05 7.53962e-05 7.26845e-05 6.98995e-05 6.70442e-05 6.41214e-05 6.1134e-05 5.80851e-05 5.49776e-05 5.18148e-05 4.85999e-05 4.5336e-05 4.20265e-05 3.86746e-05 3.52838e-05 3.18575e-05 2.8399e-05 2.4912e-05 2.14e-05 1.78663e-05 1.43147e-05 1.07486e-05 7.17178e-06 3.5877e-06 0 
0 3.71573e-06 7.40897e-06 1.11011e-05 1.47838e-05 1.84518e-05 2.21013e-05 2.57285e-05 2.93297e-05 3.29015e-05 3.64401e-05 3.9942e-05 4.34037e-05 4.68217e-05 5.01926e-05 5.35129e-05 5.67794e-05 5.99886e-05 6.31375e-05 6.62228e-05 6.92414e-05 7.21903e-05 7.50665e-05 7.78671e-05 8.05893e-05 8.32303e-05 8.57876e-05 8.82585e-05 9.06405e-05 9.29312e-05 9.51284e-05 9.72297e-05 9.92332e-05 0.000101137 0.000102938 0.000104637 0.000106229 0.000107715 0.000109092 0.00011036 0.000111516 0.00011256 0.000113491 0.000114307 0.000115008 0.000115594 0.000116063 0.000116415 0.00011665 0.000116768 0.000116768 0.00011665 0.000116415 0.000116063 0.000115594 0.000115008 0.000114307 0.000113491 0.00011256 0.000111516 0.00011036 0.000109092 0.000107715 0.000106229 0.000104637 0.000102938 0.000101137 9.92332e-05 9.72297e-05 9.51284e-05 9.29312e-05 9.06405e-05 8.82585e-05 8.57876e-05 8.32303e-05 8.05893e-05 7.78671e-05 7.50665e-05 7.21903e-05 6.92414e-05 6.62228e-05 6.31375e-05 5.99886e-05 5.67794e-05 5.35129e-05 5.01926e-05 4.68217e-05 4.34037e-05 3.9942e-05 3.64401e-05 3.29015e-05 2.93297e-05 2.57285e-05 2.21013e-05 1.84518e-05 1.47838e-05 1.11009e-05 7.40682e-06 3.70527e-06 0 
0 3.8299e-06 7.63661e-06 1.14422e-05 1.52381e-05 1.90188e-05 2.27803e-05 2.6519e-05 3.02309e-05 3.39124e-05 3.75597e-05 4.11692e-05 4.47373e-05 4.82603e-05 5.17348e-05 5.51571e-05 5.85239e-05 6.18318e-05 6.50774e-05 6.82575e-05 7.13688e-05 7.44083e-05 7.73729e-05 8.02595e-05 8.30654e-05 8.57876e-05 8.84234e-05 9.09702e-05 9.34254e-05 9.57865e-05 9.80512e-05 0.000100217 0.000102282 0.000104244 0.000106101 0.000107852 0.000109493 0.000111025 0.000112444 0.000113751 0.000114942 0.000116018 0.000116978 0.000117819 0.000118542 0.000119146 0.000119629 0.000119992 0.000120234 0.000120356 0.000120356 0.000120234 0.000119992 0.000119629 0.000119146 0.000118542 0.000117819 0.000116978 0.000116018 0.000114942 0.000113751 0.000112444 0.000111025 0.000109493 0.000107852 0.000106101 0.000104244 0.000102282 0.000100217 9.80512e-05 9.57865e-05 9.34254e-05 9.09702e-05 8.84234e-05 8.57876e-05 8.30654e-05 8.02595e-05 7.73729e-05 7.44083e-05 7.13688e-05 6.82575e-05 6.50774e-05 6.18318e-05 5.85239e-05 5.51571e-05 5.17348e-05 4.82603e-05 4.47373e-05 4.11692e-05 3.75597e-05 3.39124e-05 3.02309e-05 2.6519e-05 2.27803e-05 1.90188e-05 1.5238e-05 1.1442e-05 7.63439e-06 3.81912e-06 0 
0 3.9402e-06 7.85656e-06 1.17717e-05 1.56769e-05 1.95665e-05 2.34365e-05 2.72828e-05 3.11016e-05 3.48891e-05 3.86415e-05 4.2355e-05 4.60258e-05 4.96503e-05 5.32248e-05 5.67457e-05 6.02095e-05 6.36127e-05 6.69518e-05 7.02234e-05 7.34244e-05 7.65514e-05 7.96014e-05 8.25712e-05 8.54578e-05 8.82585e-05 9.09702e-05 9.35903e-05 9.61162e-05 9.85454e-05 0.000100875 0.000103104 0.000105228 0.000107247 0.000109157 0.000110958 0.000112647 0.000114222 0.000115683 0.000117027 0.000118253 0.00011936 0.000120347 0.000121213 0.000121956 0.000122577 0.000123075 0.000123448 0.000123698 0.000123822 0.000123822 0.000123698 0.000123448 0.000123075 0.000122577 0.000121956 0.000121213 0.000120347 0.00011936 0.000118253 0.000117027 0.000115683 0.000114222 0.000112647 0.000110958 0.000109157 0.000107247 0.000105228 0.000103104 0.000100875 9.85454e-05 9.61162e-05 9.35903e-05 9.09702e-05 8.82585e-05 8.54578e-05 8.25712e-05 7.96014e-05 7.65514e-05 7.34244e-05 7.02234e-05 6.69518e-05 6.36127e-05 6.02095e-05 5.67457e-05 5.32248e-05 4.96503e-05 4.60258e-05 4.2355e-05 3.86415e-05 3.48891e-05 3.11016e-05 2.72828e-05 2.34365e-05 1.95665e-05 1.56769e-05 1.17715e-05 7.85428e-06 3.92912e-06 0 
0 4.04655e-06 8.0686e-06 1.20894e-05 1.61e-05 2.00946e-05 2.4069e-05 2.80191e-05 3.1941e-05 3.58308e-05 3.96844e-05 4.34981e-05 4.7268e-05 5.09904e-05 5.46613e-05 5.82773e-05 6.18345e-05 6.53295e-05 6.87587e-05 7.21187e-05 7.5406e-05 7.86175e-05 8.17497e-05 8.47997e-05 8.77643e-05 9.06405e-05 9.34254e-05 9.61162e-05 9.87103e-05 0.000101205 0.000103598 0.000105886 0.000108068 0.000110141 0.000112103 0.000113953 0.000115687 0.000117305 0.000118805 0.000120185 0.000121444 0.000122581 0.000123595 0.000124484 0.000125248 0.000125886 0.000126396 0.00012678 0.000127036 0.000127164 0.000127164 0.000127036 0.00012678 0.000126396 0.000125886 0.000125248 0.000124484 0.000123595 0.000122581 0.000121444 0.000120185 0.000118805 0.000117305 0.000115687 0.000113953 0.000112103 0.000110141 0.000108068 0.000105886 0.000103598 0.000101205 9.87103e-05 9.61162e-05 9.34254e-05 9.06405e-05 8.77643e-05 8.47997e-05 8.17497e-05 7.86175e-05 7.5406e-05 7.21187e-05 6.87587e-05 6.53295e-05 6.18345e-05 5.82773e-05 5.46613e-05 5.09904e-05 4.7268e-05 4.34981e-05 3.96844e-05 3.58308e-05 3.1941e-05 2.80191e-05 2.4069e-05 2.00946e-05 1.61e-05 1.20892e-05 8.06626e-06 4.03516e-06 0 
0 4.14881e-06 8.27252e-06 1.2395e-05 1.65069e-05 2.06025e-05 2.46773e-05 2.87272e-05 3.27482e-05 3.67363e-05 4.06874e-05 4.45974e-05 4.84626e-05 5.2279e-05 5.60428e-05 5.97501e-05 6.33972e-05 6.69806e-05 7.04964e-05 7.39413e-05 7.73118e-05 8.06044e-05 8.38158e-05 8.69428e-05 8.99823e-05 9.29312e-05 9.57865e-05 9.85454e-05 0.000101205 0.000103763 0.000106216 0.000108562 0.000110799 0.000112925 0.000114936 0.000116832 0.000118611 0.00012027 0.000121807 0.000123223 0.000124514 0.000125679 0.000126719 0.00012763 0.000128413 0.000129067 0.000129591 0.000129984 0.000130247 0.000130378 0.000130378 0.000130247 0.000129984 0.000129591 0.000129067 0.000128413 0.00012763 0.000126719 0.000125679 0.000124514 0.000123223 0.000121807 0.00012027 0.000118611 0.000116832 0.000114936 0.000112925 0.000110799 0.000108562 0.000106216 0.000103763 0.000101205 9.85454e-05 9.57865e-05 9.29312e-05 8.99823e-05 8.69428e-05 8.38158e-05 8.06044e-05 7.73118e-05 7.39413e-05 7.04964e-05 6.69806e-05 6.33972e-05 5.97501e-05 5.60428e-05 5.2279e-05 4.84626e-05 4.45974e-05 4.06874e-05 3.67363e-05 3.27482e-05 2.87272e-05 2.46773e-05 2.06025e-05 1.65069e-05 1.23948e-05 8.27011e-06 4.13714e-06 0 
0 4.2469e-06 8.46811e-06 1.2688e-05 1.68972e-05 2.10896e-05 2.52607e-05 2.94064e-05 3.35225e-05 3.76048e-05 4.16493e-05 4.56519e-05 4.96084e-05 5.3515e-05 5.73678e-05 6.11628e-05 6.48961e-05 6.85642e-05 7.21632e-05 7.56895e-05 7.91396e-05 8.25101e-05 8.57974e-05 8.89984e-05 9.21098e-05 9.51284e-05 9.80512e-05 0.000100875 0.000103598 0.000106216 0.000108727 0.000111129 0.000113419 0.000115595 0.000117654 0.000119595 0.000121415 0.000123113 0.000124687 0.000126136 0.000127458 0.000128651 0.000129715 0.000130648 0.000131449 0.000132119 0.000132655 0.000133057 0.000133326 0.00013346 0.00013346 0.000133326 0.000133057 0.000132655 0.000132119 0.000131449 0.000130648 0.000129715 0.000128651 0.000127458 0.000126136 0.000124687 0.000123113 0.000121415 0.000119595 0.000117654 0.000115595 0.000113419 0.000111129 0.000108727 0.000106216 0.000103598 0.000100875 9.80512e-05 9.51284e-05 9.21098e-05 8.89984e-05 8.57974e-05 8.25101e-05 7.91396e-05 7.56895e-05 7.21632e-05 6.85642e-05 6.48961e-05 6.11628e-05 5.73678e-05 5.3515e-05 4.96084e-05 4.56519e-05 4.16493e-05 3.76048e-05 3.35225e-05 2.94064e-05 2.52607e-05 2.10896e-05 1.68972e-05 1.26878e-05 8.46564e-06 4.23495e-06 0 
0 4.34072e-06 8.65517e-06 1.29683e-05 1.72705e-05 2.15554e-05 2.58187e-05 3.0056e-05 3.4263e-05 3.84355e-05 4.25694e-05 4.66603e-05 5.07043e-05 5.46972e-05 5.8635e-05 6.25138e-05 6.63297e-05 7.00787e-05 7.37572e-05 7.73615e-05 8.08878e-05 8.43327e-05 8.76927e-05 9.09644e-05 9.41444e-05 9.72297e-05 0.000100217 0.000103104 0.000105886 0.000108562 0.000111129 0.000113584 0.000115924 0.000118148 0.000120253 0.000122236 0.000124097 0.000125833 0.000127442 0.000128922 0.000130273 0.000131493 0.00013258 0.000133534 0.000134353 0.000135037 0.000135585 0.000135997 0.000136271 0.000136408 0.000136408 0.000136271 0.000135997 0.000135585 0.000135037 0.000134353 0.000133534 0.00013258 0.000131493 0.000130273 0.000128922 0.000127442 0.000125833 0.000124097 0.000122236 0.000120253 0.000118148 0.000115924 0.000113584 0.000111129 0.000108562 0.000105886 0.000103104 0.000100217 9.72297e-05 9.41444e-05 9.09644e-05 8.76927e-05 8.43327e-05 8.08878e-05 7.73615e-05 7.37573e-05 7.00787e-05 6.63297e-05 6.25138e-05 5.8635e-05 5.46972e-05 5.07043e-05 4.66603e-05 4.25694e-05 3.84355e-05 3.4263e-05 3.0056e-05 2.58187e-05 2.15554e-05 1.72705e-05 1.29681e-05 8.65265e-06 4.3285e-06 0 
0 4.43016e-06 8.83351e-06 1.32355e-05 1.76263e-05 2.19996e-05 2.63507e-05 3.06753e-05 3.4969e-05 3.92275e-05 4.34465e-05 4.76218e-05 5.17491e-05 5.58243e-05 5.98432e-05 6.3802e-05 6.76964e-05 7.15228e-05 7.52771e-05 7.89556e-05 8.25546e-05 8.60704e-05 8.94996e-05 9.28387e-05 9.60843e-05 9.92332e-05 0.000102282 0.000105228 0.000108068 0.000110799 0.000113419 0.000115924 0.000118313 0.000120583 0.000122731 0.000124755 0.000126654 0.000128426 0.000130068 0.000131579 0.000132957 0.000134202 0.000135312 0.000136285 0.000137121 0.00013782 0.000138379 0.000138799 0.000139079 0.000139219 0.000139219 0.000139079 0.000138799 0.000138379 0.00013782 0.000137121 0.000136285 0.000135312 0.000134202 0.000132957 0.000131579 0.000130068 0.000128426 0.000126654 0.000124755 0.000122731 0.000120583 0.000118313 0.000115924 0.000113419 0.000110799 0.000108068 0.000105228 0.000102282 9.92332e-05 9.60843e-05 9.28387e-05 8.94996e-05 8.60704e-05 8.25546e-05 7.89556e-05 7.52771e-05 7.15228e-05 6.76964e-05 6.3802e-05 5.98432e-05 5.58243e-05 5.17491e-05 4.76218e-05 4.34465e-05 3.92275e-05 3.4969e-05 3.06753e-05 2.63507e-05 2.19996e-05 1.76263e-05 1.32353e-05 8.83094e-06 4.41769e-06 0 
0 4.51514e-06 9.00296e-06 1.34894e-05 1.79645e-05 2.24216e-05 2.68562e-05 3.12638e-05 3.56398e-05 3.998e-05 4.42799e-05 4.85353e-05 5.27417e-05 5.68951e-05 6.09912e-05 6.50259e-05 6.8995e-05 7.28948e-05 7.67211e-05 8.04701e-05 8.41382e-05 8.77215e-05 9.12165e-05 9.46196e-05 9.79275e-05 0.000101137 0.000104244 0.000107247 0.000110141 0.000112925 0.000115595 0.000118148 0.000120583 0.000122896 0.000125085 0.000127148 0.000129084 0.000130889 0.000132563 0.000134103 0.000135508 0.000136777 0.000137908 0.0001389 0.000139752 0.000140463 0.000141033 0.000141461 0.000141747 0.00014189 0.00014189 0.000141747 0.000141461 0.000141033 0.000140463 0.000139752 0.0001389 0.000137908 0.000136777 0.000135508 0.000134103 0.000132563 0.000130889 0.000129084 0.000127148 0.000125085 0.000122896 0.000120583 0.000118148 0.000115595 0.000112925 0.000110141 0.000107247 0.000104244 0.000101137 9.79275e-05 9.46196e-05 9.12165e-05 8.77215e-05 8.41382e-05 8.04701e-05 7.67211e-05 7.28948e-05 6.8995e-05 6.50259e-05 6.09912e-05 5.68951e-05 5.27417e-05 4.85353e-05 4.42799e-05 3.998e-05 3.56398e-05 3.12638e-05 2.68562e-05 2.24216e-05 1.79644e-05 1.34892e-05 9.00034e-06 4.50244e-06 0 
0 4.59558e-06 9.16335e-06 1.37297e-05 1.82845e-05 2.2821e-05 2.73346e-05 3.18207e-05 3.62747e-05 4.06922e-05 4.50688e-05 4.93999e-05 5.36813e-05 5.79087e-05 6.20777e-05 6.61843e-05 7.02242e-05 7.41934e-05 7.80878e-05 8.19037e-05 8.56371e-05 8.92842e-05 9.28415e-05 9.63052e-05 9.9672e-05 0.000102938 0.000106101 0.000109157 0.000112103 0.000114936 0.000117654 0.000120253 0.000122731 0.000125085 0.000127313 0.000129413 0.000131383 0.000133221 0.000134924 0.000136492 0.000137922 0.000139213 0.000140364 0.000141374 0.000142241 0.000142966 0.000143546 0.000143981 0.000144272 0.000144418 0.000144418 0.000144272 0.000143981 0.000143546 0.000142966 0.000142241 0.000141374 0.000140364 0.000139213 0.000137922 0.000136492 0.000134924 0.000133221 0.000131383 0.000129413 0.000127313 0.000125085 0.000122731 0.000120253 0.000117654 0.000114936 0.000112103 0.000109157 0.000106101 0.000102938 9.9672e-05 9.63052e-05 9.28415e-05 8.92842e-05 8.56371e-05 8.19037e-05 7.80878e-05 7.41934e-05 7.02242e-05 6.61843e-05 6.20777e-05 5.79087e-05 5.36813e-05 4.93999e-05 4.50688e-05 4.06922e-05 3.62747e-05 3.18207e-05 2.73346e-05 2.2821e-05 1.82845e-05 1.37295e-05 9.16068e-06 4.58265e-06 0 
