0 0 0 0 0 0 0 0 0 0 0 0 0 0 0 0 0 0 0 0 0 0 0 0 0 0 0 0 0 0 0 0 0 0 0 0 0 0 0 0 0 0 0 0 0 0 0 0 0 0 0 0 0 0 0 0 0 0 0 0 0 0 0 0 0 0 0 0 0 0 0 0 0 0 0 0 0 0 0 0 0 0 0 0 0 0 0 0 0 0 0 0 0 0 0 0 0 0 0 0 
0 3.98498e-07 8.00229e-07 1.19003e-06 1.5827e-06 1.97485e-06 2.36531e-06 2.75346e-06 3.13886e-06 3.52111e-06 3.89981e-06 4.27458e-06 4.64505e-06 5.01085e-06 5.37159e-06 5.72693e-06 6.07651e-06 6.41996e-06 6.75695e-06 7.08714e-06 7.41019e-06 7.72578e-06 8.03359e-06 8.33331e-06 8.62464e-06 8.90728e-06 9.18096e-06 9.44539e-06 9.70031e-06 9.94547e-06 1.01806e-05 1.04055e-05 1.06199e-05 1.08236e-05 1.10164e-05 1.11982e-05 1.13686e-05 1.15276e-05 1.1675e-05 1.18107e-05 1.19344e-05 1.20461e-05 1.21457e-05 1.22331e-05 1.23082e-05 1.23708e-05 1.2421e-05 1.24587e-05 1.24839e-05 1.24965e-05 1.24965e-05 1.24839e-05 1.24587e-05 1.2421e-05 1.23708e-05 1.23082e-05 1.22331e-05 1.21457e-05 1.20461e-05 1.19344e-05 1.18107e-05 1.1675e-05 1.15276e-05 1.13686e-05 1.11982e-05 1.10164e-05 1.08236e-05 1.06199e-05 1.04055e-05 1.01806e-05 9.94547e-06 9.70031e-06 9.44539e-06 9.18096e-06 8.90728e-06 8.62464e-06 8.33331e-06 8.03359e-06 7.72578e-06 7.41019e-06 7.08714e-06 6.75695e-06 6.41996e-06 6.07651e-06 5.72693e-06 5.3716e-06 5.01085e-06 4.64505e-06 4.27458e-06 3.89981e-06 3.52111e-06 3.13886e-06 2.75345e-06 2.36527e-06 1.97471e-06 1.58216e-06 1.18801e-06 7.92675e-07 3.96537e-07 0 
0 7.50659e-07 1.50741e-06 2.24168e-06 2.98135e-06 3.72007e-06 4.45558e-06 5.18674e-06 5.91273e-06 6.63277e-06 7.34614e-06 8.05211e-06 8.74997e-06 9.43903e-06 1.01186e-05 1.07879e-05 1.14464e-05 1.20934e-05 1.27282e-05 1.33502e-05 1.39587e-05 1.45532e-05 1.5133e-05 1.56976e-05 1.62464e-05 1.67788e-05 1.72943e-05 1.77925e-05 1.82727e-05 1.87345e-05 1.91774e-05 1.9601e-05 2.00049e-05 2.03887e-05 2.07519e-05 2.10942e-05 2.14153e-05 2.17148e-05 2.19925e-05 2.2248e-05 2.24811e-05 2.26915e-05 2.28792e-05 2.30437e-05 2.31851e-05 2.33032e-05 2.33977e-05 2.34687e-05 2.35161e-05 2.35398e-05 2.35398e-05 2.35161e-05 2.34687e-05 2.33977e-05 2.33032e-05 2.31851e-05 2.30437e-05 2.28792e-05 2.26915e-05 2.24811e-05 2.2248e-05 2.19925e-05 2.17148e-05 2.14153e-05 2.10942e-05 2.07519e-05 2.03887e-05 2.00049e-05 1.9601e-05 1.91774e-05 1.87345e-05 1.82727e-05 1.77925e-05 1.72943e-05 1.67788e-05 1.62464e-05 1.56976e-05 1.5133e-05 1.45532e-05 1.39587e-05 1.33502e-05 1.27282e-05 1.20934e-05 1.14464e-05 1.07879e-05 1.01186e-05 9.43903e-06 8.74997e-06 8.05211e-06 7.34614e-06 6.63277e-06 5.91273e-06 5.18673e-06 4.4555e-06 3.71979e-06 2.98034e-06 2.23788e-06 1.49318e-06 7.46964e-07 0 
0 1.11632e-06 2.24169e-06 3.33365e-06 4.43363e-06 5.53218e-06 6.62598e-06 7.71331e-06 8.79294e-06 9.86373e-06 1.09246e-05 1.19745e-05 1.30123e-05 1.4037e-05 1.50475e-05 1.6043e-05 1.70222e-05 1.79843e-05 1.89284e-05 1.98533e-05 2.07583e-05 2.16423e-05 2.25046e-05 2.33442e-05 2.41603e-05 2.49521e-05 2.57188e-05 2.64595e-05 2.71736e-05 2.78604e-05 2.85191e-05 2.91491e-05 2.97497e-05 3.03204e-05 3.08605e-05 3.13696e-05 3.18471e-05 3.22925e-05 3.27054e-05 3.30854e-05 3.34321e-05 3.3745e-05 3.40241e-05 3.42688e-05 3.44791e-05 3.46546e-05 3.47952e-05 3.49009e-05 3.49713e-05 3.50066e-05 3.50066e-05 3.49713e-05 3.49009e-05 3.47952e-05 3.46546e-05 3.44791e-05 3.42688e-05 3.40241e-05 3.3745e-05 3.34321e-05 3.30854e-05 3.27054e-05 3.22925e-05 3.18471e-05 3.13696e-05 3.08605e-05 3.03204e-05 2.97497e-05 2.91491e-05 2.85191e-05 2.78604e-05 2.71736e-05 2.64595e-05 2.57188e-05 2.49521e-05 2.41603e-05 2.33442e-05 2.25046e-05 2.16423e-05 2.07583e-05 1.98533e-05 1.89284e-05 1.79843e-05 1.70222e-05 1.6043e-05 1.50475e-05 1.4037e-05 1.30123e-05 1.19745e-05 1.09246e-05 9.86373e-06 8.79293e-06 7.71329e-06 6.62587e-06 5.53178e-06 4.43212e-06 3.328e-06 2.22053e-06 1.11083e-06 0 
0 1.48466e-06 2.98137e-06 4.43364e-06 5.89657e-06 7.3576e-06 8.8123e-06 1.02584e-05 1.16943e-05 1.31184e-05 1.45293e-05 1.59256e-05 1.73058e-05 1.86686e-05 2.00127e-05 2.13365e-05 2.26389e-05 2.39185e-05 2.5174e-05 2.64042e-05 2.76077e-05 2.87835e-05 2.99303e-05 3.1047e-05 3.21323e-05 3.31854e-05 3.4205e-05 3.51902e-05 3.61399e-05 3.70533e-05 3.79293e-05 3.87672e-05 3.9566e-05 4.0325e-05 4.10434e-05 4.17204e-05 4.23555e-05 4.29478e-05 4.3497e-05 4.40023e-05 4.44634e-05 4.48797e-05 4.52507e-05 4.55763e-05 4.58559e-05 4.60893e-05 4.62764e-05 4.64168e-05 4.65105e-05 4.65574e-05 4.65574e-05 4.65105e-05 4.64168e-05 4.62764e-05 4.60893e-05 4.58559e-05 4.55763e-05 4.52507e-05 4.48797e-05 4.44634e-05 4.40023e-05 4.3497e-05 4.29478e-05 4.23555e-05 4.17204e-05 4.10434e-05 4.0325e-05 3.9566e-05 3.87672e-05 3.79293e-05 3.70533e-05 3.61399e-05 3.51902e-05 3.4205e-05 3.31854e-05 3.21323e-05 3.1047e-05 2.99303e-05 2.87835e-05 2.76077e-05 2.64042e-05 2.5174e-05 2.39185e-05 2.26389e-05 2.13365e-05 2.00127e-05 1.86686e-05 1.73058e-05 1.59256e-05 1.45293e-05 1.31184e-05 1.16943e-05 1.02584e-05 8.81216e-06 7.35706e-06 5.89456e-06 4.42612e-06 2.95323e-06 1.47736e-06 0 
0 1.85253e-06 3.72008e-06 5.53219e-06 7.3576e-06 9.18064e-06 1.09958e-05 1.28002e-05 1.45919e-05 1.63688e-05 1.81293e-05 1.98716e-05 2.15938e-05 2.32943e-05 2.49713e-05 2.66232e-05 2.82483e-05 2.9845e-05 3.14116e-05 3.29465e-05 3.44483e-05 3.59154e-05 3.73463e-05 3.87397e-05 4.0094e-05 4.1408e-05 4.26802e-05 4.39095e-05 4.50946e-05 4.62342e-05 4.73273e-05 4.83728e-05 4.93696e-05 5.03166e-05 5.1213e-05 5.20578e-05 5.28502e-05 5.35893e-05 5.42745e-05 5.49051e-05 5.54804e-05 5.59998e-05 5.64628e-05 5.6869e-05 5.72179e-05 5.75092e-05 5.77426e-05 5.79179e-05 5.80348e-05 5.80933e-05 5.80933e-05 5.80348e-05 5.79179e-05 5.77426e-05 5.75092e-05 5.72179e-05 5.6869e-05 5.64628e-05 5.59998e-05 5.54804e-05 5.49051e-05 5.42745e-05 5.35893e-05 5.28502e-05 5.20578e-05 5.1213e-05 5.03166e-05 4.93696e-05 4.83728e-05 4.73273e-05 4.62342e-05 4.50946e-05 4.39095e-05 4.26802e-05 4.1408e-05 4.0094e-05 3.87397e-05 3.73463e-05 3.59154e-05 3.44483e-05 3.29465e-05 3.14116e-05 2.9845e-05 2.82483e-05 2.66232e-05 2.49713e-05 2.32943e-05 2.15938e-05 1.98716e-05 1.81293e-05 1.63688e-05 1.45918e-05 1.28002e-05 1.09956e-05 9.17997e-06 7.3551e-06 5.52281e-06 3.68497e-06 1.84341e-06 0 
0 2.2188e-06 4.4556e-06 6.62598e-06 8.8123e-06 1.09958e-05 1.31698e-05 1.5331e-05 1.74769e-05 1.96052e-05 2.17138e-05 2.38005e-05 2.58632e-05 2.78999e-05 2.99085e-05 3.1887e-05 3.38334e-05 3.57457e-05 3.76221e-05 3.94605e-05 4.12592e-05 4.30164e-05 4.47302e-05 4.63991e-05 4.80212e-05 4.95949e-05 5.11187e-05 5.2591e-05 5.40104e-05 5.53754e-05 5.66846e-05 5.79368e-05 5.91306e-05 6.02649e-05 6.13385e-05 6.23503e-05 6.32994e-05 6.41847e-05 6.50054e-05 6.57606e-05 6.64497e-05 6.70718e-05 6.76263e-05 6.81128e-05 6.85307e-05 6.88796e-05 6.91591e-05 6.9369e-05 6.95091e-05 6.95792e-05 6.95792e-05 6.95091e-05 6.9369e-05 6.91591e-05 6.88796e-05 6.85307e-05 6.81128e-05 6.76263e-05 6.70718e-05 6.64497e-05 6.57606e-05 6.50054e-05 6.41847e-05 6.32994e-05 6.23503e-05 6.13385e-05 6.02649e-05 5.91306e-05 5.79368e-05 5.66846e-05 5.53754e-05 5.40104e-05 5.2591e-05 5.11187e-05 4.95949e-05 4.80212e-05 4.63991e-05 4.47302e-05 4.30164e-05 4.12592e-05 3.94605e-05 3.76221e-05 3.57457e-05 3.38334e-05 3.1887e-05 2.99085e-05 2.78999e-05 2.58632e-05 2.38005e-05 2.17138e-05 1.96052e-05 1.74769e-05 1.5331e-05 1.31696e-05 1.0995e-05 8.80931e-06 6.61475e-06 4.41354e-06 2.20788e-06 0 
0 2.58291e-06 5.18677e-06 7.71332e-06 1.02584e-05 1.28002e-05 1.5331e-05 1.78469e-05 2.03449e-05 2.28224e-05 2.5277e-05 2.77062e-05 3.01074e-05 3.24784e-05 3.48166e-05 3.71198e-05 3.93856e-05 4.16117e-05 4.37959e-05 4.59361e-05 4.803e-05 5.00755e-05 5.20706e-05 5.40132e-05 5.59015e-05 5.77335e-05 5.95074e-05 6.12213e-05 6.28736e-05 6.44626e-05 6.59867e-05 6.74444e-05 6.88341e-05 7.01545e-05 7.14043e-05 7.25822e-05 7.3687e-05 7.47176e-05 7.56729e-05 7.65521e-05 7.73542e-05 7.80784e-05 7.8724e-05 7.92903e-05 7.97768e-05 8.01829e-05 8.05083e-05 8.07527e-05 8.09157e-05 8.09972e-05 8.09972e-05 8.09157e-05 8.07527e-05 8.05083e-05 8.01829e-05 7.97768e-05 7.92903e-05 7.8724e-05 7.80784e-05 7.73542e-05 7.65521e-05 7.56729e-05 7.47176e-05 7.3687e-05 7.25822e-05 7.14043e-05 7.01545e-05 6.88341e-05 6.74444e-05 6.59867e-05 6.44626e-05 6.28736e-05 6.12213e-05 5.95074e-05 5.77335e-05 5.59015e-05 5.40132e-05 5.20706e-05 5.00755e-05 4.803e-05 4.59361e-05 4.37959e-05 4.16117e-05 3.93856e-05 3.71198e-05 3.48166e-05 3.24784e-05 3.01074e-05 2.77062e-05 2.5277e-05 2.28224e-05 2.03449e-05 1.78468e-05 1.53308e-05 1.27993e-05 1.02549e-05 7.70025e-06 5.13781e-06 2.5702e-06 0 
0 2.94444e-06 5.91276e-06 8.79295e-06 1.16943e-05 1.45919e-05 1.74769e-05 2.03449e-05 2.31925e-05 2.60169e-05 2.8815e-05 3.15842e-05 3.43215e-05 3.70243e-05 3.96898e-05 4.23154e-05 4.48983e-05 4.74361e-05 4.9926e-05 5.23657e-05 5.47527e-05 5.70845e-05 5.93589e-05 6.15735e-05 6.3726e-05 6.58145e-05 6.78366e-05 6.97905e-05 7.1674e-05 7.34854e-05 7.52228e-05 7.68845e-05 7.84687e-05 7.9974e-05 8.13987e-05 8.27414e-05 8.40009e-05 8.51757e-05 8.62648e-05 8.7267e-05 8.81814e-05 8.9007e-05 8.97429e-05 9.03885e-05 9.09431e-05 9.14061e-05 9.1777e-05 9.20556e-05 9.22414e-05 9.23344e-05 9.23344e-05 9.22414e-05 9.20556e-05 9.1777e-05 9.14061e-05 9.09431e-05 9.03885e-05 8.97429e-05 8.9007e-05 8.81814e-05 8.7267e-05 8.62648e-05 8.51757e-05 8.40009e-05 8.27414e-05 8.13987e-05 7.9974e-05 7.84687e-05 7.68845e-05 7.52228e-05 7.34854e-05 7.1674e-05 6.97905e-05 6.78366e-05 6.58145e-05 6.3726e-05 6.15735e-05 5.93589e-05 5.70845e-05 5.47527e-05 5.23657e-05 4.9926e-05 4.74361e-05 4.48983e-05 4.23154e-05 3.96898e-05 3.70243e-05 3.43215e-05 3.15842e-05 2.8815e-05 2.60169e-05 2.31925e-05 2.03448e-05 1.74766e-05 1.45908e-05 1.16903e-05 8.77805e-06 5.85695e-06 2.92995e-06 0 
0 3.30301e-06 6.6328e-06 9.86374e-06 1.31184e-05 1.63688e-05 1.96052e-05 2.28224e-05 2.60169e-05 2.91852e-05 3.23241e-05 3.54305e-05 3.85012e-05 4.15331e-05 4.45232e-05 4.74685e-05 5.0366e-05 5.32127e-05 5.60059e-05 5.87427e-05 6.14204e-05 6.40362e-05 6.65875e-05 6.90718e-05 7.14865e-05 7.38292e-05 7.60976e-05 7.82894e-05 8.04024e-05 8.24344e-05 8.43833e-05 8.62474e-05 8.80245e-05 8.97131e-05 9.13113e-05 9.28176e-05 9.42304e-05 9.55483e-05 9.677e-05 9.78943e-05 9.892e-05 9.98461e-05 0.000100672 0.000101396 0.000102018 0.000102537 0.000102953 0.000103266 0.000103474 0.000103579 0.000103579 0.000103474 0.000103266 0.000102953 0.000102537 0.000102018 0.000101396 0.000100672 9.98461e-05 9.892e-05 9.78943e-05 9.677e-05 9.55483e-05 9.42304e-05 9.28176e-05 9.13113e-05 8.97131e-05 8.80245e-05 8.62474e-05 8.43833e-05 8.24344e-05 8.04024e-05 7.82894e-05 7.60976e-05 7.38292e-05 7.14865e-05 6.90718e-05 6.65875e-05 6.40362e-05 6.14204e-05 5.87427e-05 5.60059e-05 5.32127e-05 5.0366e-05 4.74685e-05 4.45232e-05 4.15331e-05 3.85012e-05 3.54305e-05 3.23241e-05 2.91852e-05 2.60169e-05 2.28224e-05 1.96049e-05 1.63676e-05 1.31139e-05 9.84702e-06 6.57019e-06 3.28675e-06 0 
0 3.65825e-06 7.34617e-06 1.09246e-05 1.45293e-05 1.81293e-05 2.17138e-05 2.5277e-05 2.8815e-05 3.23241e-05 3.58006e-05 3.92411e-05 4.2642e-05 4.60001e-05 4.93118e-05 5.25738e-05 5.57829e-05 5.89359e-05 6.20295e-05 6.50606e-05 6.80262e-05 7.09234e-05 7.37491e-05 7.65006e-05 7.9175e-05 8.17697e-05 8.42821e-05 8.67096e-05 8.90498e-05 9.13003e-05 9.34589e-05 9.55234e-05 9.74917e-05 9.93619e-05 0.000101132 0.0001028 0.000104365 0.000105825 0.000107178 0.000108423 0.000109559 0.000110585 0.000111499 0.000112301 0.00011299 0.000113565 0.000114026 0.000114372 0.000114603 0.000114719 0.000114719 0.000114603 0.000114372 0.000114026 0.000113565 0.00011299 0.000112301 0.000111499 0.000110585 0.000109559 0.000108423 0.000107178 0.000105825 0.000104365 0.0001028 0.000101132 9.93619e-05 9.74917e-05 9.55234e-05 9.34589e-05 9.13003e-05 8.90498e-05 8.67096e-05 8.42821e-05 8.17697e-05 7.9175e-05 7.65006e-05 7.37491e-05 7.09234e-05 6.80262e-05 6.50606e-05 6.20295e-05 5.89359e-05 5.57829e-05 5.25738e-05 4.93118e-05 4.60001e-05 4.2642e-05 3.92411e-05 3.58006e-05 3.23241e-05 2.8815e-05 2.52769e-05 2.17134e-05 1.8128e-05 1.45244e-05 1.09061e-05 7.27683e-06 3.64025e-06 0 
0 4.00982e-06 8.05215e-06 1.19745e-05 1.59256e-05 1.98716e-05 2.38005e-05 2.77062e-05 3.15842e-05 3.54305e-05 3.92411e-05 4.30122e-05 4.674e-05 5.04207e-05 5.40507e-05 5.76262e-05 6.11437e-05 6.45997e-05 6.79905e-05 7.1313e-05 7.45636e-05 7.77392e-05 8.08364e-05 8.38523e-05 8.67838e-05 8.96278e-05 9.23817e-05 9.50425e-05 9.76075e-05 0.000100074 0.00010244 0.000104703 0.000106861 0.000108911 0.000110851 0.000112679 0.000114395 0.000115995 0.000117478 0.000118843 0.000120088 0.000121212 0.000122214 0.000123093 0.000123849 0.000124479 0.000124984 0.000125364 0.000125617 0.000125743 0.000125743 0.000125617 0.000125364 0.000124984 0.000124479 0.000123849 0.000123093 0.000122214 0.000121212 0.000120088 0.000118843 0.000117478 0.000115995 0.000114395 0.000112679 0.000110851 0.000108911 0.000106861 0.000104703 0.00010244 0.000100074 9.76075e-05 9.50425e-05 9.23817e-05 8.96278e-05 8.67838e-05 8.38523e-05 8.08364e-05 7.77392e-05 7.45636e-05 7.1313e-05 6.79905e-05 6.45997e-05 6.11437e-05 5.76262e-05 5.40507e-05 5.04207e-05 4.674e-05 4.30122e-05 3.92411e-05 3.54305e-05 3.15842e-05 2.77061e-05 2.38001e-05 1.98701e-05 1.59202e-05 1.19542e-05 7.97614e-06 3.99008e-06 0 
0 4.35734e-06 8.75001e-06 1.30123e-05 1.73058e-05 2.15938e-05 2.58632e-05 3.01074e-05 3.43215e-05 3.85012e-05 4.2642e-05 4.674e-05 5.07908e-05 5.47906e-05 5.87351e-05 6.26206e-05 6.64429e-05 7.01984e-05 7.38832e-05 7.74936e-05 8.10259e-05 8.44767e-05 8.78424e-05 9.11197e-05 9.43052e-05 9.73957e-05 0.000100388 0.00010328 0.000106067 0.000108748 0.000111319 0.000113778 0.000116122 0.00011835 0.000120458 0.000122445 0.000124309 0.000126048 0.000127659 0.000129142 0.000130496 0.000131717 0.000132806 0.000133762 0.000134582 0.000135268 0.000135816 0.000136229 0.000136504 0.000136641 0.000136641 0.000136504 0.000136229 0.000135816 0.000135268 0.000134582 0.000133762 0.000132806 0.000131717 0.000130496 0.000129142 0.000127659 0.000126048 0.000124309 0.000122445 0.000120458 0.00011835 0.000116122 0.000113778 0.000111319 0.000108748 0.000106067 0.00010328 0.000100388 9.73957e-05 9.43052e-05 9.11197e-05 8.78424e-05 8.44767e-05 8.10259e-05 7.74936e-05 7.38832e-05 7.01984e-05 6.64429e-05 6.26206e-05 5.87351e-05 5.47906e-05 5.07908e-05 4.674e-05 4.2642e-05 3.85012e-05 3.43215e-05 3.01073e-05 2.58628e-05 2.15922e-05 1.72999e-05 1.29902e-05 8.66742e-06 4.33589e-06 0 
0 4.70048e-06 9.43907e-06 1.4037e-05 1.86686e-05 2.32943e-05 2.78999e-05 3.24784e-05 3.70243e-05 4.15331e-05 4.60001e-05 5.04207e-05 5.47906e-05 5.91053e-05 6.33605e-05 6.75519e-05 7.16752e-05 7.57265e-05 7.97014e-05 8.35961e-05 8.74066e-05 9.11292e-05 9.47599e-05 9.82953e-05 0.000101732 0.000105066 0.000108294 0.000111413 0.00011442 0.000117311 0.000120085 0.000122738 0.000125267 0.00012767 0.000129944 0.000132088 0.000134098 0.000135974 0.000137712 0.000139312 0.000140772 0.00014209 0.000143265 0.000144295 0.000145181 0.00014592 0.000146512 0.000146957 0.000147253 0.000147402 0.000147402 0.000147253 0.000146957 0.000146512 0.00014592 0.000145181 0.000144295 0.000143265 0.00014209 0.000140772 0.000139312 0.000137712 0.000135974 0.000134098 0.000132088 0.000129944 0.00012767 0.000125267 0.000122738 0.000120085 0.000117311 0.00011442 0.000111413 0.000108294 0.000105066 0.000101732 9.82953e-05 9.47599e-05 9.11292e-05 8.74066e-05 8.35961e-05 7.97014e-05 7.57265e-05 7.16752e-05 6.75519e-05 6.33605e-05 5.91053e-05 5.47906e-05 5.04207e-05 4.60001e-05 4.15331e-05 3.70243e-05 3.24782e-05 2.78995e-05 2.32926e-05 1.86623e-05 1.40132e-05 9.34997e-06 4.67734e-06 0 
0 5.03888e-06 1.01186e-05 1.50475e-05 2.00127e-05 2.49713e-05 2.99085e-05 3.48166e-05 3.96898e-05 4.45232e-05 4.93118e-05 5.40507e-05 5.87351e-05 6.33605e-05 6.7922e-05 7.24152e-05 7.68354e-05 8.11783e-05 8.54394e-05 8.96145e-05 9.36993e-05 9.76899e-05 0.000101582 0.000105372 0.000109056 0.00011263 0.00011609 0.000119434 0.000122657 0.000125757 0.00012873 0.000131574 0.000134285 0.000136861 0.000139299 0.000141597 0.000143752 0.000145763 0.000147627 0.000149342 0.000150907 0.000152319 0.000153579 0.000154684 0.000155633 0.000156425 0.00015706 0.000157536 0.000157855 0.000158014 0.000158014 0.000157855 0.000157536 0.00015706 0.000156425 0.000155633 0.000154684 0.000153579 0.000152319 0.000150907 0.000149342 0.000147627 0.000145763 0.000143752 0.000141597 0.000139299 0.000136861 0.000134285 0.000131574 0.00012873 0.000125757 0.000122657 0.000119434 0.00011609 0.00011263 0.000109056 0.000105372 0.000101582 9.76899e-05 9.36993e-05 8.96145e-05 8.54394e-05 8.11783e-05 7.68354e-05 7.24152e-05 6.7922e-05 6.33605e-05 5.87351e-05 5.40507e-05 4.93118e-05 4.45232e-05 3.96898e-05 3.48165e-05 2.9908e-05 2.49695e-05 2.00059e-05 1.5022e-05 1.00231e-05 5.01408e-06 0 
0 5.37221e-06 1.0788e-05 1.6043e-05 2.13365e-05 2.66232e-05 3.1887e-05 3.71198e-05 4.23154e-05 4.74685e-05 5.25738e-05 5.76262e-05 6.26206e-05 6.75519e-05 7.24152e-05 7.72055e-05 8.19182e-05 8.65483e-05 9.10913e-05 9.55426e-05 9.98977e-05 0.000104152 0.000108302 0.000112342 0.00011627 0.00012008 0.00012377 0.000127335 0.000130771 0.000134076 0.000137246 0.000140278 0.000143168 0.000145915 0.000148514 0.000150964 0.000153262 0.000155405 0.000157392 0.000159221 0.000160889 0.000162396 0.000163738 0.000164916 0.000165928 0.000166773 0.00016745 0.000167958 0.000168297 0.000168467 0.000168467 0.000168297 0.000167958 0.00016745 0.000166773 0.000165928 0.000164916 0.000163738 0.000162396 0.000160889 0.000159221 0.000157392 0.000155405 0.000153262 0.000150964 0.000148514 0.000145915 0.000143168 0.000140278 0.000137246 0.000134076 0.000130771 0.000127335 0.00012377 0.00012008 0.00011627 0.000112342 0.000108302 0.000104152 9.98977e-05 9.55426e-05 9.10913e-05 8.65483e-05 8.19182e-05 7.72055e-05 7.24152e-05 6.75519e-05 6.26206e-05 5.76262e-05 5.25738e-05 4.74685e-05 4.23154e-05 3.71196e-05 3.18865e-05 2.66213e-05 2.13293e-05 1.60158e-05 1.06862e-05 5.34577e-06 0 
0 5.70013e-06 1.14465e-05 1.70222e-05 2.26389e-05 2.82483e-05 3.38334e-05 3.93856e-05 4.48983e-05 5.0366e-05 5.57829e-05 6.11437e-05 6.64429e-05 7.16752e-05 7.68354e-05 8.19182e-05 8.69185e-05 9.18313e-05 9.66516e-05 0.000101375 0.000105995 0.00011051 0.000114913 0.0001192 0.000123367 0.00012741 0.000131325 0.000135107 0.000138753 0.00014226 0.000145624 0.00014884 0.000151907 0.000154821 0.000157579 0.000160179 0.000162617 0.000164891 0.000167 0.00016894 0.00017071 0.000172308 0.000173733 0.000174983 0.000176056 0.000176953 0.000177671 0.00017821 0.00017857 0.00017875 0.00017875 0.00017857 0.00017821 0.000177671 0.000176953 0.000176056 0.000174983 0.000173733 0.000172308 0.00017071 0.00016894 0.000167 0.000164891 0.000162617 0.000160179 0.000157579 0.000154821 0.000151907 0.00014884 0.000145624 0.00014226 0.000138753 0.000135107 0.000131325 0.00012741 0.000123367 0.0001192 0.000114913 0.00011051 0.000105995 0.000101375 9.66516e-05 9.18313e-05 8.69185e-05 8.19182e-05 7.68354e-05 7.16752e-05 6.64429e-05 6.11437e-05 5.57829e-05 5.0366e-05 4.48983e-05 3.93854e-05 3.38329e-05 2.82463e-05 2.26312e-05 1.69934e-05 1.13384e-05 5.67207e-06 0 
0 6.02231e-06 1.20935e-05 1.79844e-05 2.39185e-05 2.9845e-05 3.57457e-05 4.16117e-05 4.74361e-05 5.32127e-05 5.89359e-05 6.45997e-05 7.01984e-05 7.57265e-05 8.11783e-05 8.65483e-05 9.18313e-05 9.70217e-05 0.000102114 0.000107104 0.000111987 0.000116756 0.000121408 0.000125937 0.00013034 0.000134611 0.000138747 0.000142744 0.000146596 0.000150301 0.000153854 0.000157253 0.000160493 0.000163572 0.000166486 0.000169232 0.000171808 0.000174211 0.000176439 0.000178489 0.000180359 0.000182047 0.000183553 0.000184873 0.000186007 0.000186954 0.000187713 0.000188283 0.000188663 0.000188853 0.000188853 0.000188663 0.000188283 0.000187713 0.000186954 0.000186007 0.000184873 0.000183553 0.000182047 0.000180359 0.000178489 0.000176439 0.000174211 0.000171808 0.000169232 0.000166486 0.000163572 0.000160493 0.000157253 0.000153854 0.000150301 0.000146596 0.000142744 0.000138747 0.000134611 0.00013034 0.000125937 0.000121408 0.000116756 0.000111987 0.000107104 0.000102114 9.70217e-05 9.18313e-05 8.65483e-05 8.11783e-05 7.57265e-05 7.01984e-05 6.45997e-05 5.89359e-05 5.32127e-05 4.7436e-05 4.16115e-05 3.57452e-05 2.98428e-05 2.39104e-05 1.79539e-05 1.19793e-05 5.99267e-06 0 
0 6.33843e-06 1.27283e-05 1.89284e-05 2.5174e-05 3.14116e-05 3.76221e-05 4.37959e-05 4.9926e-05 5.60059e-05 6.20295e-05 6.79905e-05 7.38832e-05 7.97014e-05 8.54394e-05 9.10913e-05 9.66516e-05 0.000102114 0.000107475 0.000112726 0.000117865 0.000122884 0.00012778 0.000132548 0.000137182 0.000141677 0.00014603 0.000150236 0.000154291 0.00015819 0.00016193 0.000165507 0.000168918 0.000172158 0.000175225 0.000178116 0.000180827 0.000183356 0.0001857 0.000187858 0.000189826 0.000191603 0.000193187 0.000194577 0.000195771 0.000196768 0.000197566 0.000198166 0.000198566 0.000198766 0.000198766 0.000198566 0.000198166 0.000197566 0.000196768 0.000195771 0.000194577 0.000193187 0.000191603 0.000189826 0.000187858 0.0001857 0.000183356 0.000180827 0.000178116 0.000175225 0.000172158 0.000168918 0.000165507 0.00016193 0.00015819 0.000154291 0.000150236 0.00014603 0.000141677 0.000137182 0.000132548 0.00012778 0.000122884 0.000117865 0.000112726 0.000107475 0.000102114 9.66516e-05 9.10913e-05 8.54394e-05 7.97014e-05 7.38832e-05 6.79905e-05 6.20295e-05 5.60059e-05 4.9926e-05 4.37958e-05 3.76215e-05 3.14093e-05 2.51654e-05 1.88963e-05 1.26081e-05 6.30723e-06 0 
0 6.64816e-06 1.33502e-05 1.98533e-05 2.64042e-05 3.29465e-05 3.94605e-05 4.59361e-05 5.23657e-05 5.87427e-05 6.50606e-05 7.1313e-05 7.74936e-05 8.35961e-05 8.96145e-05 9.55426e-05 0.000101375 0.000107104 0.000112726 0.000118235 0.000123624 0.000128889 0.000134025 0.000139025 0.000143885 0.0001486 0.000153166 0.000157578 0.000161831 0.00016592 0.000169843 0.000173595 0.000177172 0.000180571 0.000183788 0.000186819 0.000189663 0.000192316 0.000194775 0.000197038 0.000199102 0.000200966 0.000202628 0.000204085 0.000205338 0.000206383 0.000207221 0.000207849 0.000208269 0.000208479 0.000208479 0.000208269 0.000207849 0.000207221 0.000206383 0.000205338 0.000204085 0.000202628 0.000200966 0.000199102 0.000197038 0.000194775 0.000192316 0.000189663 0.000186819 0.000183788 0.000180571 0.000177172 0.000173595 0.000169843 0.00016592 0.000161831 0.000157578 0.000153166 0.0001486 0.000143885 0.000139025 0.000134025 0.000128889 0.000123624 0.000118235 0.000112726 0.000107104 0.000101375 9.55426e-05 8.96145e-05 8.35961e-05 7.74936e-05 7.1313e-05 6.50606e-05 5.87427e-05 5.23657e-05 4.59359e-05 3.94599e-05 3.29441e-05 2.63952e-05 1.98197e-05 1.32242e-05 6.61544e-06 0 
0 6.9512e-06 1.39588e-05 2.07583e-05 2.76077e-05 3.44483e-05 4.12592e-05 4.803e-05 5.47527e-05 6.14204e-05 6.80262e-05 7.45636e-05 8.10259e-05 8.74066e-05 9.36993e-05 9.98977e-05 0.000105995 0.000111987 0.000117865 0.000123624 0.00012926 0.000134764 0.000140134 0.000145362 0.000150444 0.000155374 0.000160148 0.000164761 0.000169207 0.000173484 0.000177585 0.000181508 0.000185248 0.000188802 0.000192165 0.000195335 0.000198308 0.000201082 0.000203653 0.000206019 0.000208178 0.000210127 0.000211864 0.000213388 0.000214697 0.00021579 0.000216666 0.000217324 0.000217763 0.000217982 0.000217982 0.000217763 0.000217324 0.000216666 0.00021579 0.000214697 0.000213388 0.000211864 0.000210127 0.000208178 0.000206019 0.000203653 0.000201082 0.000198308 0.000195335 0.000192165 0.000188802 0.000185248 0.000181508 0.000177585 0.000173484 0.000169207 0.000164761 0.000160148 0.000155374 0.000150444 0.000145362 0.000140134 0.000134764 0.00012926 0.000123624 0.000117865 0.000111987 0.000105995 9.98977e-05 9.36993e-05 8.74066e-05 8.10259e-05 7.45636e-05 6.80262e-05 6.14204e-05 5.47526e-05 4.80298e-05 4.12586e-05 3.44458e-05 2.75983e-05 2.07231e-05 1.3827e-05 6.91699e-06 0 
0 7.24724e-06 1.45533e-05 2.16424e-05 2.87835e-05 3.59154e-05 4.30164e-05 5.00755e-05 5.70845e-05 6.40362e-05 7.09234e-05 7.77392e-05 8.44767e-05 9.11292e-05 9.76899e-05 0.000104152 0.00011051 0.000116756 0.000122884 0.000128889 0.000134764 0.000140504 0.000146102 0.000151553 0.000156851 0.000161991 0.000166968 0.000171777 0.000176414 0.000180872 0.000185148 0.000189238 0.000193138 0.000196842 0.000200349 0.000203654 0.000206754 0.000209646 0.000212326 0.000214793 0.000217044 0.000219076 0.000220887 0.000222476 0.000223841 0.000224981 0.000225894 0.000226579 0.000227037 0.000227266 0.000227266 0.000227037 0.000226579 0.000225894 0.000224981 0.000223841 0.000222476 0.000220887 0.000219076 0.000217044 0.000214793 0.000212326 0.000209646 0.000206754 0.000203654 0.000200349 0.000196842 0.000193138 0.000189238 0.000185148 0.000180872 0.000176414 0.000171777 0.000166968 0.000161991 0.000156851 0.000151553 0.000146102 0.000140504 0.000134764 0.000128889 0.000122884 0.000116756 0.00011051 0.000104152 9.76899e-05 9.11292e-05 8.44767e-05 7.77392e-05 7.09234e-05 6.40362e-05 5.70845e-05 5.00753e-05 4.30157e-05 3.59128e-05 2.87737e-05 2.16057e-05 1.44159e-05 7.21157e-06 0 
0 7.53599e-06 1.51331e-05 2.25046e-05 2.99303e-05 3.73463e-05 4.47302e-05 5.20706e-05 5.93589e-05 6.65875e-05 7.37491e-05 8.08364e-05 8.78424e-05 9.47599e-05 0.000101582 0.000108302 0.000114913 0.000121408 0.00012778 0.000134025 0.000140134 0.000146102 0.000151923 0.000157591 0.0001631 0.000168445 0.000173621 0.000178621 0.000183442 0.000188078 0.000192525 0.000196778 0.000200833 0.000204685 0.000208331 0.000211768 0.000214991 0.000217998 0.000220786 0.000223351 0.000225691 0.000227804 0.000229688 0.00023134 0.000232759 0.000233944 0.000234894 0.000235607 0.000236082 0.00023632 0.00023632 0.000236082 0.000235607 0.000234894 0.000233944 0.000232759 0.00023134 0.000229688 0.000227804 0.000225691 0.000223351 0.000220786 0.000217998 0.000214991 0.000211768 0.000208331 0.000204685 0.000200833 0.000196778 0.000192525 0.000188078 0.000183442 0.000178621 0.000173621 0.000168445 0.0001631 0.000157591 0.000151923 0.000146102 0.000140134 0.000134025 0.00012778 0.000121408 0.000114913 0.000108302 0.000101582 9.47599e-05 8.78424e-05 8.08364e-05 7.37491e-05 6.65875e-05 5.93588e-05 5.20704e-05 4.47295e-05 3.73436e-05 2.99201e-05 2.24665e-05 1.49902e-05 7.4989e-06 0 
0 7.81714e-06 1.56977e-05 2.33442e-05 3.1047e-05 3.87397e-05 4.63991e-05 5.40132e-05 6.15735e-05 6.90718e-05 7.65006e-05 8.38523e-05 9.11197e-05 9.82953e-05 0.000105372 0.000112342 0.0001192 0.000125937 0.000132548 0.000139025 0.000145362 0.000151553 0.000157591 0.00016347 0.000169185 0.00017473 0.000180098 0.000185285 0.000190286 0.000195095 0.000199708 0.000204119 0.000208325 0.000212322 0.000216104 0.000219669 0.000223012 0.000226132 0.000229023 0.000231684 0.000234111 0.000236303 0.000238257 0.000239971 0.000241443 0.000242672 0.000243657 0.000244397 0.00024489 0.000245137 0.000245137 0.00024489 0.000244397 0.000243657 0.000242672 0.000241443 0.000239971 0.000238257 0.000236303 0.000234111 0.000231684 0.000229023 0.000226132 0.000223012 0.000219669 0.000216104 0.000212322 0.000208325 0.000204119 0.000199708 0.000195095 0.000190286 0.000185285 0.000180098 0.00017473 0.000169185 0.00016347 0.000157591 0.000151553 0.000145362 0.000139025 0.000132548 0.000125937 0.0001192 0.000112342 0.000105372 9.82953e-05 9.11197e-05 8.38523e-05 7.65006e-05 6.90718e-05 6.15734e-05 5.4013e-05 4.63983e-05 3.87369e-05 3.10364e-05 2.33047e-05 1.55495e-05 7.77867e-06 0 
0 8.09043e-06 1.62465e-05 2.41604e-05 3.21323e-05 4.0094e-05 4.80212e-05 5.59015e-05 6.3726e-05 7.14865e-05 7.9175e-05 8.67838e-05 9.43052e-05 0.000101732 0.000109056 0.00011627 0.000123367 0.00013034 0.000137182 0.000143885 0.000150444 0.000156851 0.0001631 0.000169185 0.0001751 0.000180838 0.000186394 0.000191763 0.000196938 0.000201916 0.00020669 0.000211255 0.000215608 0.000219744 0.000223659 0.000227348 0.000230809 0.000234037 0.00023703 0.000239783 0.000242296 0.000244564 0.000246586 0.00024836 0.000249884 0.000251156 0.000252175 0.000252941 0.000253451 0.000253707 0.000253707 0.000253451 0.000252941 0.000252175 0.000251156 0.000249884 0.00024836 0.000246586 0.000244564 0.000242296 0.000239783 0.00023703 0.000234037 0.000230809 0.000227348 0.000223659 0.000219744 0.000215608 0.000211255 0.00020669 0.000201916 0.000196938 0.000191763 0.000186394 0.000180838 0.0001751 0.000169185 0.0001631 0.000156851 0.000150444 0.000143885 0.000137182 0.00013034 0.000123367 0.00011627 0.000109056 0.000101732 9.43052e-05 8.67838e-05 7.9175e-05 7.14865e-05 6.3726e-05 5.59013e-05 4.80204e-05 4.00911e-05 3.21214e-05 2.41194e-05 1.60931e-05 8.05061e-06 0 
0 8.35557e-06 1.67789e-05 2.49521e-05 3.31854e-05 4.1408e-05 4.95949e-05 5.77335e-05 6.58145e-05 7.38292e-05 8.17697e-05 8.96278e-05 9.73957e-05 0.000105066 0.00011263 0.00012008 0.00012741 0.000134611 0.000141677 0.0001486 0.000155374 0.000161991 0.000168445 0.00017473 0.000180838 0.000186765 0.000192503 0.000198047 0.000203392 0.000208533 0.000213463 0.000218178 0.000222674 0.000226946 0.000230989 0.000234799 0.000238373 0.000241707 0.000244797 0.000247641 0.000250236 0.000252579 0.000254667 0.000256499 0.000258073 0.000259387 0.00026044 0.00026123 0.000261757 0.000262021 0.000262021 0.000261757 0.00026123 0.00026044 0.000259387 0.000258073 0.000256499 0.000254667 0.000252579 0.000250236 0.000247641 0.000244797 0.000241707 0.000238373 0.000234799 0.000230989 0.000226946 0.000222674 0.000218178 0.000213463 0.000208533 0.000203392 0.000198047 0.000192503 0.000186765 0.000180838 0.00017473 0.000168445 0.000161991 0.000155374 0.0001486 0.000141677 0.000134611 0.00012741 0.00012008 0.00011263 0.000105066 9.73957e-05 8.96278e-05 8.17697e-05 7.38292e-05 6.58144e-05 5.77333e-05 4.95941e-05 4.14049e-05 3.31741e-05 2.49098e-05 1.66205e-05 8.31444e-06 0 
0 8.61229e-06 1.72944e-05 2.57188e-05 3.4205e-05 4.26802e-05 5.11187e-05 5.95074e-05 6.78366e-05 7.60976e-05 8.42821e-05 9.23817e-05 0.000100388 0.000108294 0.00011609 0.00012377 0.000131325 0.000138747 0.00014603 0.000153166 0.000160148 0.000166968 0.000173621 0.000180098 0.000186394 0.000192503 0.000198418 0.000204132 0.000209642 0.00021494 0.000220022 0.000224882 0.000229516 0.000233919 0.000238086 0.000242013 0.000245697 0.000249133 0.000252319 0.00025525 0.000257925 0.000260339 0.000262492 0.00026438 0.000266002 0.000267357 0.000268442 0.000269256 0.0002698 0.000270072 0.000270072 0.0002698 0.000269256 0.000268442 0.000267357 0.000266002 0.00026438 0.000262492 0.000260339 0.000257925 0.00025525 0.000252319 0.000249133 0.000245697 0.000242013 0.000238086 0.000233919 0.000229516 0.000224882 0.000220022 0.00021494 0.000209642 0.000204132 0.000198418 0.000192503 0.000186394 0.000180098 0.000173621 0.000166968 0.000160148 0.000153166 0.00014603 0.000138747 0.000131325 0.00012377 0.00011609 0.000108294 0.000100388 9.23817e-05 8.42821e-05 7.60976e-05 6.78366e-05 5.95072e-05 5.11179e-05 4.26771e-05 3.41934e-05 2.56752e-05 1.71312e-05 8.5699e-06 0 
0 8.86034e-06 1.77925e-05 2.64595e-05 3.51902e-05 4.39095e-05 5.2591e-05 6.12213e-05 6.97905e-05 7.82894e-05 8.67096e-05 9.50425e-05 0.00010328 0.000111413 0.000119434 0.000127335 0.000135107 0.000142744 0.000150236 0.000157578 0.000164761 0.000171777 0.000178621 0.000185285 0.000191763 0.000198047 0.000204132 0.000210012 0.00021568 0.000221131 0.000226359 0.000231359 0.000236126 0.000240656 0.000244943 0.000248984 0.000252774 0.000256309 0.000259586 0.000262602 0.000265354 0.000267838 0.000270052 0.000271995 0.000273664 0.000275057 0.000276173 0.000277012 0.000277571 0.000277851 0.000277851 0.000277571 0.000277012 0.000276173 0.000275057 0.000273664 0.000271995 0.000270052 0.000267838 0.000265354 0.000262602 0.000259586 0.000256309 0.000252774 0.000248984 0.000244943 0.000240656 0.000236126 0.000231359 0.000226359 0.000221131 0.00021568 0.000210012 0.000204132 0.000198047 0.000191763 0.000185285 0.000178621 0.000171777 0.000164761 0.000157578 0.000150236 0.000142744 0.000135107 0.000127335 0.000119434 0.000111413 0.00010328 9.50425e-05 8.67096e-05 7.82894e-05 6.97904e-05 6.12211e-05 5.25902e-05 4.39063e-05 3.51782e-05 2.64147e-05 1.76246e-05 8.81673e-06 0 
0 9.09948e-06 1.82727e-05 2.71737e-05 3.61399e-05 4.50946e-05 5.40104e-05 6.28736e-05 7.1674e-05 8.04024e-05 8.90498e-05 9.76075e-05 0.000106067 0.00011442 0.000122657 0.000130771 0.000138753 0.000146596 0.000154291 0.000161831 0.000169207 0.000176414 0.000183442 0.000190286 0.000196938 0.000203392 0.000209642 0.00021568 0.000221501 0.000227099 0.000232468 0.000237603 0.000242499 0.000247151 0.000251554 0.000255704 0.000259596 0.000263226 0.000266592 0.000269689 0.000272515 0.000275066 0.000277341 0.000279336 0.00028105 0.000282481 0.000283627 0.000284488 0.000285062 0.000285349 0.000285349 0.000285062 0.000284488 0.000283627 0.000282481 0.00028105 0.000279336 0.000277341 0.000275066 0.000272515 0.000269689 0.000266592 0.000263226 0.000259596 0.000255704 0.000251554 0.000247151 0.000242499 0.000237603 0.000232468 0.000227099 0.000221501 0.00021568 0.000209642 0.000203392 0.000196938 0.000190286 0.000183442 0.000176414 0.000169207 0.000161831 0.000154291 0.000146596 0.000138753 0.000130771 0.000122657 0.00011442 0.000106067 9.76075e-05 8.90498e-05 8.04024e-05 7.1674e-05 6.28734e-05 5.40095e-05 4.50913e-05 3.61276e-05 2.71276e-05 1.81003e-05 9.05469e-06 0 
0 9.32945e-06 1.87345e-05 2.78604e-05 3.70533e-05 4.62342e-05 5.53754e-05 6.44626e-05 7.34854e-05 8.24344e-05 9.13003e-05 0.000100074 0.000108748 0.000117311 0.000125757 0.000134076 0.00014226 0.000150301 0.00015819 0.00016592 0.000173484 0.000180872 0.000188078 0.000195095 0.000201916 0.000208533 0.00021494 0.000221131 0.000227099 0.000232838 0.000238343 0.000243608 0.000248628 0.000253397 0.000257911 0.000262166 0.000266156 0.000269879 0.00027333 0.000276505 0.000279402 0.000282018 0.00028435 0.000286395 0.000288153 0.00028962 0.000290795 0.000291678 0.000292266 0.000292561 0.000292561 0.000292266 0.000291678 0.000290795 0.00028962 0.000288153 0.000286395 0.00028435 0.000282018 0.000279402 0.000276505 0.00027333 0.000269879 0.000266156 0.000262166 0.000257911 0.000253397 0.000248628 0.000243608 0.000238343 0.000232838 0.000227099 0.000221131 0.00021494 0.000208533 0.000201916 0.000195095 0.000188078 0.000180872 0.000173484 0.00016592 0.00015819 0.000150301 0.00014226 0.000134076 0.000125757 0.000117311 0.000108748 0.000100074 9.13003e-05 8.24343e-05 7.34854e-05 6.44624e-05 5.53745e-05 4.62309e-05 3.70407e-05 2.78132e-05 1.85577e-05 9.28353e-06 0 
0 9.55002e-06 1.91775e-05 2.85191e-05 3.79293e-05 4.73273e-05 5.66846e-05 6.59867e-05 7.52228e-05 8.43833e-05 9.34589e-05 0.00010244 0.000111319 0.000120085 0.00012873 0.000137246 0.000145624 0.000153854 0.00016193 0.000169843 0.000177585 0.000185148 0.000192525 0.000199708 0.00020669 0.000213463 0.000220022 0.000226359 0.000232468 0.000238343 0.000243978 0.000249368 0.000254506 0.000259388 0.000264009 0.000268364 0.000272449 0.00027626 0.000279792 0.000283043 0.000286008 0.000288686 0.000291073 0.000293167 0.000294965 0.000296467 0.00029767 0.000298574 0.000299176 0.000299478 0.000299478 0.000299176 0.000298574 0.00029767 0.000296467 0.000294965 0.000293167 0.000291073 0.000288686 0.000286008 0.000283043 0.000279792 0.00027626 0.000272449 0.000268364 0.000264009 0.000259388 0.000254506 0.000249368 0.000243978 0.000238343 0.000232468 0.000226359 0.000220022 0.000213463 0.00020669 0.000199708 0.000192525 0.000185148 0.000177585 0.000169843 0.00016193 0.000153854 0.000145624 0.000137246 0.00012873 0.000120085 0.000111319 0.00010244 9.34589e-05 8.43833e-05 7.52228e-05 6.59865e-05 5.66837e-05 4.73239e-05 3.79164e-05 2.84708e-05 1.89965e-05 9.50302e-06 0 
0 9.76098e-06 1.96011e-05 2.91491e-05 3.87672e-05 4.83728e-05 5.79368e-05 6.74444e-05 7.68845e-05 8.62474e-05 9.55234e-05 0.000104703 0.000113778 0.000122738 0.000131574 0.000140278 0.00014884 0.000157253 0.000165507 0.000173595 0.000181508 0.000189238 0.000196778 0.000204119 0.000211255 0.000218178 0.000224882 0.000231359 0.000237603 0.000243608 0.000249368 0.000254876 0.000260128 0.000265118 0.000269841 0.000274292 0.000278467 0.000282362 0.000285973 0.000289295 0.000292326 0.000295063 0.000297503 0.000299643 0.000301481 0.000303016 0.000304246 0.000305169 0.000305785 0.000306093 0.000306093 0.000305785 0.000305169 0.000304246 0.000303016 0.000301481 0.000299643 0.000297503 0.000295063 0.000292326 0.000289295 0.000285973 0.000282362 0.000278467 0.000274292 0.000269841 0.000265118 0.000260128 0.000254876 0.000249368 0.000243608 0.000237603 0.000231359 0.000224882 0.000218178 0.000211255 0.000204119 0.000196778 0.000189238 0.000181508 0.000173595 0.000165507 0.000157253 0.00014884 0.000140278 0.000131574 0.000122738 0.000113778 0.000104703 9.55234e-05 8.62473e-05 7.68844e-05 6.74441e-05 5.79359e-05 4.83693e-05 3.8754e-05 2.90997e-05 1.94161e-05 9.71294e-06 0 
0 9.96211e-06 2.0005e-05 2.97497e-05 3.9566e-05 4.93696e-05 5.91306e-05 6.88341e-05 7.84687e-05 8.80245e-05 9.74917e-05 0.000106861 0.000116122 0.000125267 0.000134285 0.000143168 0.000151907 0.000160493 0.000168918 0.000177172 0.000185248 0.000193138 0.000200833 0.000208325 0.000215608 0.000222674 0.000229516 0.000236126 0.000242499 0.000248628 0.000254506 0.000260128 0.000265488 0.000270581 0.000275401 0.000279944 0.000284205 0.00028818 0.000291865 0.000295256 0.00029835 0.000301143 0.000303633 0.000305817 0.000307693 0.00030926 0.000310515 0.000311457 0.000312086 0.000312401 0.000312401 0.000312086 0.000311457 0.000310515 0.00030926 0.000307693 0.000305817 0.000303633 0.000301143 0.00029835 0.000295256 0.000291865 0.00028818 0.000284205 0.000279944 0.000275401 0.000270581 0.000265488 0.000260128 0.000254506 0.000248628 0.000242499 0.000236126 0.000229516 0.000222674 0.000215608 0.000208325 0.000200833 0.000193138 0.000185248 0.000177172 0.000168918 0.000160493 0.000151907 0.000143168 0.000134285 0.000125267 0.000116122 0.000106861 9.74917e-05 8.80245e-05 7.84687e-05 6.88338e-05 5.91297e-05 4.9366e-05 3.95525e-05 2.96993e-05 1.98162e-05 9.91308e-06 0 
0 1.01532e-05 2.03888e-05 3.03204e-05 4.0325e-05 5.03166e-05 6.02649e-05 7.01545e-05 7.9974e-05 8.97131e-05 9.93619e-05 0.000108911 0.00011835 0.00012767 0.000136861 0.000145915 0.000154821 0.000163572 0.000172158 0.000180571 0.000188802 0.000196842 0.000204685 0.000212322 0.000219744 0.000226946 0.000233919 0.000240656 0.000247151 0.000253397 0.000259388 0.000265118 0.000270581 0.000275771 0.000280684 0.000285314 0.000289657 0.000293708 0.000297464 0.00030092 0.000304073 0.00030692 0.000309457 0.000311683 0.000313596 0.000315192 0.000316471 0.000317432 0.000318073 0.000318393 0.000318393 0.000318073 0.000317432 0.000316471 0.000315192 0.000313596 0.000311683 0.000309457 0.00030692 0.000304073 0.00030092 0.000297464 0.000293708 0.000289657 0.000285314 0.000280684 0.000275771 0.000270581 0.000265118 0.000259388 0.000253397 0.000247151 0.000240656 0.000233919 0.000226946 0.000219744 0.000212322 0.000204685 0.000196842 0.000188802 0.000180571 0.000172158 0.000163572 0.000154821 0.000145915 0.000136861 0.00012767 0.00011835 0.000108911 9.93619e-05 8.97131e-05 7.99739e-05 7.01542e-05 6.02639e-05 5.03129e-05 4.03113e-05 3.0269e-05 2.01963e-05 1.01032e-05 0 
