0 0 0 0 0 0 0 0 0 0 0 0 0 0 0 0 0 0 0 0 0 0 0 0 0 0 0 0 0 0 0 0 0 0 0 0 0 0 0 0 0 0 0 0 0 0 0 0 0 0 0 0 0 0 0 0 0 0 0 0 0 0 0 0 0 0 0 0 0 0 0 0 0 0 0 0 0 0 0 0 0 0 0 0 0 0 0 0 0 0 0 0 0 0 0 0 0 0 0 0 
0 2.97608e-07 6.397e-07 9.39483e-07 1.24493e-06 1.55164e-06 1.85775e-06 2.16236e-06 2.46492e-06 2.76506e-06 3.06243e-06 3.35673e-06 3.64765e-06 3.9349e-06 4.21818e-06 4.49722e-06 4.77173e-06 5.04144e-06 5.30607e-06 5.56536e-06 5.81904e-06 6.06687e-06 6.30858e-06 6.54395e-06 6.77272e-06 6.99467e-06 7.20958e-06 7.41724e-06 7.61742e-06 7.80993e-06 7.99458e-06 8.17118e-06 8.33955e-06 8.49953e-06 8.65095e-06 8.79365e-06 8.9275e-06 9.05236e-06 9.16811e-06 9.27463e-06 9.3718e-06 9.45954e-06 9.53776e-06 9.60637e-06 9.66531e-06 9.71451e-06 9.75394e-06 9.78354e-06 9.80329e-06 9.81318e-06 9.81318e-06 9.80329e-06 9.78354e-06 9.75394e-06 9.71451e-06 9.66531e-06 9.60637e-06 9.53776e-06 9.45954e-06 9.3718e-06 9.27463e-06 9.16811e-06 9.05236e-06 8.9275e-06 8.79365e-06 8.65095e-06 8.49953e-06 8.33955e-06 8.17118e-06 7.99458e-06 7.80993e-06 7.61742e-06 7.41724e-06 7.20958e-06 6.99467e-06 6.77272e-06 6.54395e-06 6.30858e-06 6.06687e-06 5.81904e-06 5.56536e-06 5.30607e-06 5.04144e-06 4.77173e-06 4.49722e-06 4.21818e-06 3.9349e-06 3.64765e-06 3.35673e-06 3.06242e-06 2.76504e-06 2.46487e-06 2.16222e-06 1.85739e-06 1.55069e-06 1.24243e-06 9.32919e-07 6.22468e-07 3.11391e-07 0 
0 5.33891e-07 1.14758e-06 1.68538e-06 2.23333e-06 2.78355e-06 3.3327e-06 3.87914e-06 4.42192e-06 4.96035e-06 5.49382e-06 6.02177e-06 6.54366e-06 7.05897e-06 7.56717e-06 8.06775e-06 8.56021e-06 9.04404e-06 9.51877e-06 9.98392e-06 1.0439e-05 1.08836e-05 1.13172e-05 1.17394e-05 1.21499e-05 1.2548e-05 1.29336e-05 1.33061e-05 1.36652e-05 1.40106e-05 1.43418e-05 1.46586e-05 1.49607e-05 1.52476e-05 1.55193e-05 1.57753e-05 1.60154e-05 1.62394e-05 1.6447e-05 1.66381e-05 1.68125e-05 1.69699e-05 1.71102e-05 1.72333e-05 1.7339e-05 1.74273e-05 1.7498e-05 1.75511e-05 1.75865e-05 1.76042e-05 1.76042e-05 1.75865e-05 1.75511e-05 1.7498e-05 1.74273e-05 1.7339e-05 1.72333e-05 1.71102e-05 1.69699e-05 1.68125e-05 1.66381e-05 1.6447e-05 1.62394e-05 1.60154e-05 1.57753e-05 1.55193e-05 1.52476e-05 1.49607e-05 1.46586e-05 1.43418e-05 1.40106e-05 1.36652e-05 1.33061e-05 1.29336e-05 1.2548e-05 1.21499e-05 1.17394e-05 1.13172e-05 1.08836e-05 1.0439e-05 9.98392e-06 9.51877e-06 9.04404e-06 8.56021e-06 8.06775e-06 7.56717e-06 7.05897e-06 6.54366e-06 6.02177e-06 5.49381e-06 4.96031e-06 4.42183e-06 3.87889e-06 3.33205e-06 2.78185e-06 2.22885e-06 1.6736e-06 1.11667e-06 5.58617e-07 0 
0 7.84104e-07 1.68541e-06 2.47525e-06 3.28001e-06 4.0881e-06 4.8946e-06 5.69714e-06 6.4943e-06 7.28507e-06 8.06855e-06 8.84394e-06 9.61042e-06 1.03672e-05 1.11136e-05 1.18488e-05 1.2572e-05 1.32826e-05 1.39798e-05 1.4663e-05 1.53314e-05 1.59843e-05 1.66211e-05 1.72413e-05 1.7844e-05 1.84288e-05 1.8995e-05 1.95421e-05 2.00695e-05 2.05767e-05 2.10632e-05 2.15285e-05 2.19721e-05 2.23936e-05 2.27925e-05 2.31685e-05 2.35212e-05 2.38502e-05 2.41551e-05 2.44358e-05 2.46918e-05 2.49229e-05 2.5129e-05 2.53098e-05 2.54651e-05 2.55947e-05 2.56986e-05 2.57766e-05 2.58286e-05 2.58547e-05 2.58547e-05 2.58286e-05 2.57766e-05 2.56986e-05 2.55947e-05 2.54651e-05 2.53098e-05 2.5129e-05 2.49229e-05 2.46918e-05 2.44358e-05 2.41551e-05 2.38502e-05 2.35212e-05 2.31685e-05 2.27925e-05 2.23936e-05 2.19721e-05 2.15285e-05 2.10632e-05 2.05767e-05 2.00695e-05 1.95421e-05 1.8995e-05 1.84288e-05 1.7844e-05 1.72413e-05 1.66211e-05 1.59843e-05 1.53314e-05 1.4663e-05 1.39798e-05 1.32826e-05 1.2572e-05 1.18488e-05 1.11136e-05 1.03672e-05 9.61042e-06 8.84393e-06 8.06853e-06 7.28502e-06 6.49416e-06 5.69677e-06 4.89364e-06 4.08559e-06 3.27342e-06 2.45795e-06 1.64001e-06 8.20418e-07 0 
0 1.03904e-06 2.23339e-06 3.28002e-06 4.34643e-06 5.41726e-06 6.48598e-06 7.54944e-06 8.60579e-06 9.65366e-06 1.06919e-05 1.17194e-05 1.2735e-05 1.37379e-05 1.4727e-05 1.57012e-05 1.66596e-05 1.76012e-05 1.85251e-05 1.94304e-05 2.0316e-05 2.11813e-05 2.20252e-05 2.28469e-05 2.36456e-05 2.44205e-05 2.51708e-05 2.58958e-05 2.65947e-05 2.72668e-05 2.79115e-05 2.85281e-05 2.91159e-05 2.96744e-05 3.02031e-05 3.07013e-05 3.11686e-05 3.16045e-05 3.20087e-05 3.23805e-05 3.27198e-05 3.30261e-05 3.32992e-05 3.35387e-05 3.37445e-05 3.39163e-05 3.4054e-05 3.41573e-05 3.42263e-05 3.42608e-05 3.42608e-05 3.42263e-05 3.41573e-05 3.4054e-05 3.39163e-05 3.37445e-05 3.35387e-05 3.32992e-05 3.30261e-05 3.27198e-05 3.23805e-05 3.20087e-05 3.16045e-05 3.11686e-05 3.07013e-05 3.02031e-05 2.96744e-05 2.91159e-05 2.85281e-05 2.79115e-05 2.72668e-05 2.65947e-05 2.58958e-05 2.51708e-05 2.44205e-05 2.36456e-05 2.28469e-05 2.20252e-05 2.11813e-05 2.0316e-05 1.94304e-05 1.85251e-05 1.76012e-05 1.66596e-05 1.57012e-05 1.4727e-05 1.37379e-05 1.2735e-05 1.17193e-05 1.06919e-05 9.65359e-06 8.60561e-06 7.54896e-06 6.48471e-06 5.41393e-06 4.3377e-06 3.2571e-06 2.17323e-06 1.08716e-06 0 
0 1.29503e-06 2.78363e-06 4.08812e-06 5.41726e-06 6.75191e-06 8.08393e-06 9.4094e-06 1.0726e-05 1.2032e-05 1.3326e-05 1.46067e-05 1.58726e-05 1.71225e-05 1.83552e-05 1.95695e-05 2.0764e-05 2.19376e-05 2.30891e-05 2.42174e-05 2.53213e-05 2.63997e-05 2.74515e-05 2.84757e-05 2.94712e-05 3.0437e-05 3.13722e-05 3.22758e-05 3.31469e-05 3.39846e-05 3.47881e-05 3.55566e-05 3.62892e-05 3.69853e-05 3.76442e-05 3.82652e-05 3.88476e-05 3.9391e-05 3.98946e-05 4.03581e-05 4.0781e-05 4.11628e-05 4.15032e-05 4.18017e-05 4.20582e-05 4.22723e-05 4.24439e-05 4.25727e-05 4.26586e-05 4.27016e-05 4.27016e-05 4.26586e-05 4.25727e-05 4.24439e-05 4.22723e-05 4.20582e-05 4.18017e-05 4.15032e-05 4.11628e-05 4.0781e-05 4.03581e-05 3.98946e-05 3.9391e-05 3.88476e-05 3.82652e-05 3.76442e-05 3.69853e-05 3.62892e-05 3.55566e-05 3.47881e-05 3.39846e-05 3.31469e-05 3.22758e-05 3.13722e-05 3.0437e-05 2.94712e-05 2.84757e-05 2.74515e-05 2.63997e-05 2.53213e-05 2.42174e-05 2.30891e-05 2.19376e-05 2.0764e-05 1.95695e-05 1.83552e-05 1.71225e-05 1.58726e-05 1.46067e-05 1.3326e-05 1.2032e-05 1.07258e-05 9.4088e-06 8.08235e-06 6.74776e-06 5.40638e-06 4.05956e-06 2.70865e-06 1.355e-06 0 
0 1.55051e-06 3.33279e-06 4.89463e-06 6.48599e-06 8.08393e-06 9.67874e-06 1.12657e-05 1.2842e-05 1.44057e-05 1.5955e-05 1.74883e-05 1.9004e-05 2.05005e-05 2.19764e-05 2.34302e-05 2.48603e-05 2.62655e-05 2.76442e-05 2.89951e-05 3.03167e-05 3.16079e-05 3.28672e-05 3.40934e-05 3.52853e-05 3.64417e-05 3.75613e-05 3.86432e-05 3.96861e-05 4.06891e-05 4.16511e-05 4.25712e-05 4.34484e-05 4.42819e-05 4.50707e-05 4.58142e-05 4.65116e-05 4.71621e-05 4.77651e-05 4.832e-05 4.88263e-05 4.92834e-05 4.96909e-05 5.00484e-05 5.03555e-05 5.06118e-05 5.08172e-05 5.09715e-05 5.10744e-05 5.11258e-05 5.11258e-05 5.10744e-05 5.09715e-05 5.08172e-05 5.06118e-05 5.03555e-05 5.00484e-05 4.96909e-05 4.92834e-05 4.88263e-05 4.832e-05 4.77651e-05 4.71621e-05 4.65116e-05 4.58142e-05 4.50707e-05 4.42819e-05 4.34484e-05 4.25712e-05 4.16511e-05 4.06891e-05 3.96861e-05 3.86432e-05 3.75613e-05 3.64417e-05 3.52853e-05 3.40934e-05 3.28672e-05 3.16079e-05 3.03167e-05 2.89951e-05 2.76442e-05 2.62655e-05 2.48603e-05 2.34302e-05 2.19764e-05 2.05005e-05 1.90039e-05 1.74883e-05 1.5955e-05 1.44056e-05 1.28418e-05 1.1265e-05 9.67685e-06 8.07897e-06 6.47296e-06 4.86043e-06 3.24301e-06 1.62232e-06 0 
0 1.80474e-06 3.87924e-06 5.69717e-06 7.54946e-06 9.40941e-06 1.12657e-05 1.31129e-05 1.49477e-05 1.67678e-05 1.85711e-05 2.03557e-05 2.21199e-05 2.38618e-05 2.55797e-05 2.72719e-05 2.89365e-05 3.05721e-05 3.21768e-05 3.37492e-05 3.52876e-05 3.67904e-05 3.82562e-05 3.96835e-05 4.10708e-05 4.24168e-05 4.37201e-05 4.49793e-05 4.61932e-05 4.73607e-05 4.84804e-05 4.95513e-05 5.05724e-05 5.15425e-05 5.24607e-05 5.33261e-05 5.41378e-05 5.4895e-05 5.55969e-05 5.62428e-05 5.68321e-05 5.73642e-05 5.78385e-05 5.82545e-05 5.86119e-05 5.89103e-05 5.91494e-05 5.93289e-05 5.94487e-05 5.95086e-05 5.95086e-05 5.94487e-05 5.93289e-05 5.91494e-05 5.89103e-05 5.86119e-05 5.82545e-05 5.78385e-05 5.73642e-05 5.68321e-05 5.62428e-05 5.55969e-05 5.4895e-05 5.41378e-05 5.33261e-05 5.24607e-05 5.15425e-05 5.05724e-05 4.95513e-05 4.84804e-05 4.73607e-05 4.61932e-05 4.49793e-05 4.37201e-05 4.24168e-05 4.10708e-05 3.96835e-05 3.82562e-05 3.67904e-05 3.52876e-05 3.37492e-05 3.21768e-05 3.05721e-05 2.89365e-05 2.72719e-05 2.55797e-05 2.38618e-05 2.21199e-05 2.03557e-05 1.8571e-05 1.67676e-05 1.49474e-05 1.3112e-05 1.12635e-05 9.40363e-06 7.53429e-06 5.65737e-06 3.77475e-06 1.88832e-06 0 
0 2.05727e-06 4.42204e-06 6.49435e-06 8.60581e-06 1.0726e-05 1.2842e-05 1.49477e-05 1.70392e-05 1.9114e-05 2.11696e-05 2.3204e-05 2.5215e-05 2.72007e-05 2.9159e-05 3.10879e-05 3.29855e-05 3.48499e-05 3.66792e-05 3.84715e-05 4.02252e-05 4.19383e-05 4.36092e-05 4.52362e-05 4.68176e-05 4.83519e-05 4.98375e-05 5.1273e-05 5.26568e-05 5.39876e-05 5.5264e-05 5.64848e-05 5.76487e-05 5.87545e-05 5.98012e-05 6.07877e-05 6.1713e-05 6.25761e-05 6.33762e-05 6.41125e-05 6.47843e-05 6.53908e-05 6.59315e-05 6.64057e-05 6.68132e-05 6.71533e-05 6.74258e-05 6.76305e-05 6.7767e-05 6.78353e-05 6.78353e-05 6.7767e-05 6.76305e-05 6.74258e-05 6.71533e-05 6.68132e-05 6.64057e-05 6.59315e-05 6.53908e-05 6.47843e-05 6.41125e-05 6.33762e-05 6.25761e-05 6.1713e-05 6.07877e-05 5.98012e-05 5.87545e-05 5.76487e-05 5.64848e-05 5.5264e-05 5.39876e-05 5.26568e-05 5.1273e-05 4.98375e-05 4.83519e-05 4.68176e-05 4.52362e-05 4.36092e-05 4.19383e-05 4.02252e-05 3.84715e-05 3.66792e-05 3.48499e-05 3.29855e-05 3.10879e-05 2.9159e-05 2.72007e-05 2.5215e-05 2.3204e-05 2.11696e-05 1.91138e-05 1.70389e-05 1.49467e-05 1.28395e-05 1.07194e-05 8.58852e-06 6.44897e-06 4.30292e-06 2.15255e-06 0 
0 2.30777e-06 4.96048e-06 7.28512e-06 9.65368e-06 1.2032e-05 1.44057e-05 1.67678e-05 1.9114e-05 2.14413e-05 2.37473e-05 2.60294e-05 2.82853e-05 3.05127e-05 3.27094e-05 3.48732e-05 3.70019e-05 3.90933e-05 4.11453e-05 4.3156e-05 4.51231e-05 4.70448e-05 4.89192e-05 5.07443e-05 5.25183e-05 5.42394e-05 5.59059e-05 5.75161e-05 5.90684e-05 6.05613e-05 6.19931e-05 6.33625e-05 6.46682e-05 6.59087e-05 6.70828e-05 6.81894e-05 6.92273e-05 7.01956e-05 7.10931e-05 7.19191e-05 7.26726e-05 7.3353e-05 7.39595e-05 7.44915e-05 7.49486e-05 7.53301e-05 7.56358e-05 7.58654e-05 7.60186e-05 7.60952e-05 7.60952e-05 7.60186e-05 7.58654e-05 7.56358e-05 7.53301e-05 7.49486e-05 7.44915e-05 7.39595e-05 7.3353e-05 7.26726e-05 7.19191e-05 7.10931e-05 7.01956e-05 6.92273e-05 6.81894e-05 6.70828e-05 6.59087e-05 6.46682e-05 6.33625e-05 6.19931e-05 6.05613e-05 5.90684e-05 5.75161e-05 5.59059e-05 5.42394e-05 5.25183e-05 5.07443e-05 4.89192e-05 4.70448e-05 4.51231e-05 4.3156e-05 4.11453e-05 3.90933e-05 3.70019e-05 3.48732e-05 3.27094e-05 3.05127e-05 2.82853e-05 2.60294e-05 2.37472e-05 2.14412e-05 1.91136e-05 1.67667e-05 1.44029e-05 1.20247e-05 9.63429e-06 7.23422e-06 4.82686e-06 2.41465e-06 0 
0 2.55596e-06 5.49397e-06 8.06861e-06 1.06919e-05 1.33261e-05 1.5955e-05 1.85711e-05 2.11696e-05 2.37473e-05 2.63012e-05 2.88288e-05 3.13273e-05 3.37943e-05 3.62272e-05 3.86237e-05 4.09813e-05 4.32977e-05 4.55704e-05 4.77972e-05 4.9976e-05 5.21044e-05 5.41803e-05 5.62017e-05 5.81665e-05 6.00727e-05 6.19184e-05 6.37018e-05 6.54211e-05 6.70744e-05 6.86603e-05 7.0177e-05 7.1623e-05 7.29969e-05 7.42973e-05 7.55229e-05 7.66725e-05 7.77449e-05 7.87389e-05 7.96537e-05 8.04883e-05 8.12418e-05 8.19136e-05 8.25028e-05 8.3009e-05 8.34316e-05 8.37702e-05 8.40245e-05 8.41941e-05 8.4279e-05 8.4279e-05 8.41941e-05 8.40245e-05 8.37702e-05 8.34316e-05 8.3009e-05 8.25028e-05 8.19136e-05 8.12418e-05 8.04883e-05 7.96537e-05 7.87389e-05 7.77449e-05 7.66725e-05 7.55229e-05 7.42973e-05 7.29969e-05 7.1623e-05 7.0177e-05 6.86603e-05 6.70744e-05 6.54211e-05 6.37018e-05 6.19184e-05 6.00727e-05 5.81665e-05 5.62017e-05 5.41803e-05 5.21044e-05 4.9976e-05 4.77972e-05 4.55704e-05 4.32977e-05 4.09813e-05 3.86237e-05 3.62272e-05 3.37943e-05 3.13273e-05 2.88287e-05 2.63012e-05 2.37471e-05 2.11692e-05 1.85699e-05 1.59519e-05 1.33179e-05 1.06704e-05 8.01223e-06 5.34598e-06 2.67433e-06 0 
0 2.80159e-06 6.02193e-06 8.844e-06 1.17194e-05 1.46067e-05 1.74883e-05 2.03557e-05 2.3204e-05 2.60294e-05 2.88288e-05 3.15992e-05 3.43378e-05 3.70419e-05 3.97086e-05 4.23354e-05 4.49196e-05 4.74585e-05 4.99497e-05 5.23905e-05 5.47786e-05 5.71115e-05 5.9387e-05 6.16026e-05 6.37562e-05 6.58456e-05 6.78687e-05 6.98235e-05 7.1708e-05 7.35202e-05 7.52585e-05 7.69209e-05 7.85059e-05 8.00119e-05 8.14372e-05 8.27806e-05 8.40407e-05 8.52161e-05 8.63057e-05 8.73084e-05 8.82232e-05 8.90491e-05 8.97854e-05 9.04313e-05 9.09861e-05 9.14493e-05 9.18205e-05 9.20991e-05 9.22851e-05 9.23781e-05 9.23781e-05 9.22851e-05 9.20991e-05 9.18205e-05 9.14493e-05 9.09861e-05 9.04313e-05 8.97854e-05 8.90491e-05 8.82232e-05 8.73084e-05 8.63057e-05 8.52161e-05 8.40407e-05 8.27806e-05 8.14372e-05 8.00119e-05 7.85059e-05 7.69209e-05 7.52585e-05 7.35202e-05 7.1708e-05 6.98235e-05 6.78687e-05 6.58456e-05 6.37562e-05 6.16026e-05 5.9387e-05 5.71115e-05 5.47786e-05 5.23905e-05 4.99497e-05 4.74585e-05 4.49196e-05 4.23354e-05 3.97086e-05 3.70419e-05 3.43378e-05 3.15991e-05 2.88287e-05 2.60292e-05 2.32035e-05 2.03544e-05 1.74849e-05 1.45977e-05 1.16958e-05 8.7822e-06 5.85972e-06 2.93134e-06 0 
0 3.04439e-06 6.54384e-06 9.61049e-06 1.27351e-05 1.58726e-05 1.9004e-05 2.21199e-05 2.5215e-05 2.82853e-05 3.13273e-05 3.43378e-05 3.73138e-05 4.02522e-05 4.31501e-05 4.60045e-05 4.88127e-05 5.15716e-05 5.42787e-05 5.69311e-05 5.95261e-05 6.20613e-05 6.45339e-05 6.69416e-05 6.92818e-05 7.15523e-05 7.37508e-05 7.58749e-05 7.79227e-05 7.98921e-05 8.17809e-05 8.35875e-05 8.53098e-05 8.69463e-05 8.84952e-05 8.9955e-05 9.13243e-05 9.26015e-05 9.37856e-05 9.48752e-05 9.58693e-05 9.67668e-05 9.75669e-05 9.82688e-05 9.88717e-05 9.9375e-05 9.97783e-05 0.000100081 0.000100283 0.000100384 0.000100384 0.000100283 0.000100081 9.97783e-05 9.9375e-05 9.88717e-05 9.82688e-05 9.75669e-05 9.67668e-05 9.58693e-05 9.48752e-05 9.37856e-05 9.26015e-05 9.13243e-05 8.9955e-05 8.84952e-05 8.69463e-05 8.53098e-05 8.35875e-05 8.17809e-05 7.98921e-05 7.79227e-05 7.58749e-05 7.37508e-05 7.15523e-05 6.92818e-05 6.69416e-05 6.45339e-05 6.20613e-05 5.95261e-05 5.69311e-05 5.42787e-05 5.15716e-05 4.88127e-05 4.60045e-05 4.31501e-05 4.02522e-05 3.73138e-05 3.43378e-05 3.13272e-05 2.82851e-05 2.52145e-05 2.21185e-05 1.90002e-05 1.58629e-05 1.27095e-05 9.54334e-06 6.36757e-06 3.18539e-06 0 
0 3.28414e-06 7.05916e-06 1.03673e-05 1.37379e-05 1.71226e-05 2.05005e-05 2.38618e-05 2.72007e-05 3.05127e-05 3.37943e-05 3.70419e-05 4.02522e-05 4.3422e-05 4.65481e-05 4.96273e-05 5.26566e-05 5.56328e-05 5.85531e-05 6.14143e-05 6.42138e-05 6.69485e-05 6.96159e-05 7.22131e-05 7.47377e-05 7.7187e-05 7.95585e-05 8.185e-05 8.40591e-05 8.61835e-05 8.82211e-05 9.01699e-05 9.20279e-05 9.37932e-05 9.54641e-05 9.70389e-05 9.8516e-05 9.98938e-05 0.000101171 0.000102347 0.000103419 0.000104387 0.00010525 0.000106007 0.000106658 0.000107201 0.000107636 0.000107962 0.00010818 0.000108289 0.000108289 0.00010818 0.000107962 0.000107636 0.000107201 0.000106658 0.000106007 0.00010525 0.000104387 0.000103419 0.000102347 0.000101171 9.98938e-05 9.8516e-05 9.70389e-05 9.54641e-05 9.37932e-05 9.20279e-05 9.01699e-05 8.82211e-05 8.61835e-05 8.40591e-05 8.185e-05 7.95585e-05 7.7187e-05 7.47377e-05 7.22131e-05 6.96159e-05 6.69485e-05 6.42138e-05 6.14143e-05 5.85531e-05 5.56328e-05 5.26566e-05 4.96273e-05 4.65481e-05 4.3422e-05 4.02522e-05 3.70418e-05 3.37942e-05 3.05125e-05 2.72001e-05 2.38603e-05 2.04965e-05 1.7112e-05 1.37104e-05 1.02949e-05 6.86901e-06 3.43623e-06 0 
0 3.52057e-06 7.56737e-06 1.11137e-05 1.4727e-05 1.83553e-05 2.19764e-05 2.55797e-05 2.9159e-05 3.27094e-05 3.62272e-05 3.97086e-05 4.31501e-05 4.65481e-05 4.98993e-05 5.32002e-05 5.64475e-05 5.9638e-05 6.27685e-05 6.58358e-05 6.88367e-05 7.17684e-05 7.46278e-05 7.7412e-05 8.01183e-05 8.27439e-05 8.52862e-05 8.77427e-05 9.01108e-05 9.23881e-05 9.45724e-05 9.66615e-05 9.86533e-05 0.000100546 0.000102337 0.000104025 0.000105608 0.000107086 0.000108455 0.000109715 0.000110864 0.000111902 0.000112828 0.000113639 0.000114336 0.000114918 0.000115385 0.000115735 0.000115969 0.000116086 0.000116086 0.000115969 0.000115735 0.000115385 0.000114918 0.000114336 0.000113639 0.000112828 0.000111902 0.000110864 0.000109715 0.000108455 0.000107086 0.000105608 0.000104025 0.000102337 0.000100546 9.86533e-05 9.66615e-05 9.45724e-05 9.23881e-05 9.01108e-05 8.77427e-05 8.52862e-05 8.27439e-05 8.01183e-05 7.7412e-05 7.46278e-05 7.17684e-05 6.88367e-05 6.58358e-05 6.27685e-05 5.9638e-05 5.64475e-05 5.32002e-05 4.98993e-05 4.65481e-05 4.31501e-05 3.97086e-05 3.62271e-05 3.27092e-05 2.91583e-05 2.55781e-05 2.19721e-05 1.8344e-05 1.46974e-05 1.1036e-05 7.36353e-06 3.68362e-06 0 
0 3.75346e-06 8.06797e-06 1.18489e-05 1.57012e-05 1.95695e-05 2.34302e-05 2.72719e-05 3.10879e-05 3.48732e-05 3.86237e-05 4.23354e-05 4.60045e-05 4.96273e-05 5.32002e-05 5.67195e-05 6.01816e-05 6.35832e-05 6.69207e-05 7.01909e-05 7.33904e-05 7.6516e-05 7.95645e-05 8.25329e-05 8.54183e-05 8.82176e-05 9.09281e-05 9.3547e-05 9.60717e-05 9.84997e-05 0.000100829 0.000103056 0.000105179 0.000107197 0.000109107 0.000110906 0.000112595 0.000114169 0.000115629 0.000116973 0.000118198 0.000119305 0.000120291 0.000121157 0.0001219 0.00012252 0.000123018 0.000123391 0.00012364 0.000123765 0.000123765 0.00012364 0.000123391 0.000123018 0.00012252 0.0001219 0.000121157 0.000120291 0.000119305 0.000118198 0.000116973 0.000115629 0.000114169 0.000112595 0.000110906 0.000109107 0.000107197 0.000105179 0.000103056 0.000100829 9.84997e-05 9.60717e-05 9.3547e-05 9.09281e-05 8.82176e-05 8.54183e-05 8.25329e-05 7.95645e-05 7.6516e-05 7.33904e-05 7.01909e-05 6.69207e-05 6.35832e-05 6.01816e-05 5.67195e-05 5.32002e-05 4.96273e-05 4.60045e-05 4.23354e-05 3.86236e-05 3.4873e-05 3.10872e-05 2.72701e-05 2.34256e-05 1.95575e-05 1.56697e-05 1.17661e-05 7.85064e-06 3.9273e-06 0 
0 3.98257e-06 8.56044e-06 1.25721e-05 1.66596e-05 2.0764e-05 2.48604e-05 2.89365e-05 3.29855e-05 3.70019e-05 4.09813e-05 4.49196e-05 4.88127e-05 5.26566e-05 5.64475e-05 6.01816e-05 6.38551e-05 6.74643e-05 7.10056e-05 7.44754e-05 7.78701e-05 8.11865e-05 8.44211e-05 8.75708e-05 9.06322e-05 9.36024e-05 9.64783e-05 9.92571e-05 0.000101936 0.000104512 0.000106983 0.000109346 0.0001116 0.00011374 0.000115767 0.000117676 0.000119467 0.000121138 0.000122687 0.000124113 0.000125413 0.000126587 0.000127634 0.000128552 0.000129341 0.000129999 0.000130527 0.000130923 0.000131187 0.000131319 0.000131319 0.000131187 0.000130923 0.000130527 0.000129999 0.000129341 0.000128552 0.000127634 0.000126587 0.000125413 0.000124113 0.000122687 0.000121138 0.000119467 0.000117676 0.000115767 0.00011374 0.0001116 0.000109346 0.000106983 0.000104512 0.000101936 9.92571e-05 9.64783e-05 9.36024e-05 9.06322e-05 8.75708e-05 8.44211e-05 8.11865e-05 7.78701e-05 7.44754e-05 7.10056e-05 6.74643e-05 6.38551e-05 6.01816e-05 5.64475e-05 5.26566e-05 4.88126e-05 4.49195e-05 4.09812e-05 3.70016e-05 3.29848e-05 2.89347e-05 2.48555e-05 2.07513e-05 1.66261e-05 1.24843e-05 8.32984e-06 4.16702e-06 0 
0 4.20768e-06 9.04429e-06 1.32827e-05 1.76012e-05 2.19376e-05 2.62655e-05 3.05721e-05 3.48499e-05 3.90933e-05 4.32977e-05 4.74585e-05 5.15716e-05 5.56328e-05 5.9638e-05 6.35832e-05 6.74643e-05 7.12775e-05 7.50189e-05 7.86848e-05 8.22715e-05 8.57753e-05 8.91928e-05 9.25204e-05 9.57549e-05 9.88929e-05 0.000101931 0.000104867 0.000107698 0.000110419 0.00011303 0.000115527 0.000117907 0.000120169 0.00012231 0.000124327 0.00012622 0.000127985 0.000129622 0.000131128 0.000132502 0.000133742 0.000134848 0.000135818 0.000136651 0.000137347 0.000137904 0.000138323 0.000138602 0.000138742 0.000138742 0.000138602 0.000138323 0.000137904 0.000137347 0.000136651 0.000135818 0.000134848 0.000133742 0.000132502 0.000131128 0.000129622 0.000127985 0.00012622 0.000124327 0.00012231 0.000120169 0.000117907 0.000115527 0.00011303 0.000110419 0.000107698 0.000104867 0.000101931 9.88929e-05 9.57549e-05 9.25204e-05 8.91928e-05 8.57753e-05 8.22715e-05 7.86848e-05 7.50189e-05 7.12775e-05 6.74643e-05 6.35832e-05 5.9638e-05 5.56328e-05 5.15716e-05 4.74585e-05 4.32975e-05 3.9093e-05 3.48491e-05 3.05701e-05 2.62604e-05 2.19242e-05 1.75659e-05 1.31899e-05 8.80066e-06 4.40255e-06 0 
0 4.42854e-06 9.51903e-06 1.39799e-05 1.85251e-05 2.30892e-05 2.76442e-05 3.21768e-05 3.66792e-05 4.11453e-05 4.55704e-05 4.99497e-05 5.42787e-05 5.85531e-05 6.27685e-05 6.69207e-05 7.10056e-05 7.50189e-05 7.89568e-05 8.28151e-05 8.659e-05 9.02777e-05 9.38746e-05 9.73769e-05 0.000100781 0.000104084 0.000107282 0.000110372 0.000113351 0.000116215 0.000118963 0.000121591 0.000124096 0.000126477 0.00012873 0.000130854 0.000132845 0.000134703 0.000136426 0.000138011 0.000139457 0.000140762 0.000141926 0.000142947 0.000143824 0.000144556 0.000145143 0.000145584 0.000145877 0.000146025 0.000146025 0.000145877 0.000145584 0.000145143 0.000144556 0.000143824 0.000142947 0.000141926 0.000140762 0.000139457 0.000138011 0.000136426 0.000134703 0.000132845 0.000130854 0.00012873 0.000126477 0.000124096 0.000121591 0.000118963 0.000116215 0.000113351 0.000110372 0.000107282 0.000104084 0.000100781 9.73769e-05 9.38746e-05 9.02777e-05 8.659e-05 8.28151e-05 7.89568e-05 7.50189e-05 7.10056e-05 6.69207e-05 6.27685e-05 5.85531e-05 5.42787e-05 4.99496e-05 4.55703e-05 4.1145e-05 3.66784e-05 3.21748e-05 2.76388e-05 2.3075e-05 1.84879e-05 1.38823e-05 9.26261e-06 4.63364e-06 0 
0 4.64495e-06 9.98419e-06 1.46631e-05 1.94304e-05 2.42174e-05 2.89951e-05 3.37492e-05 3.84715e-05 4.3156e-05 4.77972e-05 5.23905e-05 5.69311e-05 6.14143e-05 6.58358e-05 7.01909e-05 7.44754e-05 7.86848e-05 8.28151e-05 8.68619e-05 9.08213e-05 9.46893e-05 9.84619e-05 0.000102135 0.000105706 0.00010917 0.000112524 0.000115765 0.00011889 0.000121894 0.000124776 0.000127533 0.00013016 0.000132657 0.000135021 0.000137248 0.000139337 0.000141286 0.000143092 0.000144755 0.000146271 0.000147641 0.000148862 0.000149932 0.000150852 0.00015162 0.000152236 0.000152698 0.000153006 0.00015316 0.00015316 0.000153006 0.000152698 0.000152236 0.00015162 0.000150852 0.000149932 0.000148862 0.000147641 0.000146271 0.000144755 0.000143092 0.000141286 0.000139337 0.000137248 0.000135021 0.000132657 0.00013016 0.000127533 0.000124776 0.000121894 0.00011889 0.000115765 0.000112524 0.00010917 0.000105706 0.000102135 9.84619e-05 9.46893e-05 9.08213e-05 8.68619e-05 8.28151e-05 7.86848e-05 7.44754e-05 7.01909e-05 6.58358e-05 6.14143e-05 5.69311e-05 5.23905e-05 4.77971e-05 4.31556e-05 3.84707e-05 3.37471e-05 2.89894e-05 2.42026e-05 1.93914e-05 1.45606e-05 9.71524e-06 4.86007e-06 0 
0 4.85668e-06 1.04393e-05 1.53315e-05 2.03161e-05 2.53213e-05 3.03167e-05 3.52876e-05 4.02252e-05 4.51231e-05 4.9976e-05 5.47786e-05 5.95261e-05 6.42138e-05 6.88367e-05 7.33904e-05 7.78701e-05 8.22715e-05 8.659e-05 9.08213e-05 9.49612e-05 9.90054e-05 0.00010295 0.000106791 0.000110524 0.000114146 0.000117654 0.000121042 0.000124309 0.000127451 0.000130464 0.000133346 0.000136094 0.000138704 0.000141175 0.000143504 0.000145688 0.000147726 0.000149615 0.000151353 0.000152939 0.000154371 0.000155647 0.000156767 0.000157729 0.000158532 0.000159175 0.000159658 0.00015998 0.000160142 0.000160142 0.00015998 0.000159658 0.000159175 0.000158532 0.000157729 0.000156767 0.000155647 0.000154371 0.000152939 0.000151353 0.000149615 0.000147726 0.000145688 0.000143504 0.000141175 0.000138704 0.000136094 0.000133346 0.000130464 0.000127451 0.000124309 0.000121042 0.000117654 0.000114146 0.000110524 0.000106791 0.00010295 9.90054e-05 9.49612e-05 9.08213e-05 8.659e-05 8.22715e-05 7.78701e-05 7.33904e-05 6.88367e-05 6.42138e-05 5.95261e-05 5.47786e-05 4.99758e-05 4.51228e-05 4.02243e-05 3.52853e-05 3.03108e-05 2.53058e-05 2.02753e-05 1.52243e-05 1.01581e-05 5.0816e-06 0 
0 5.06351e-06 1.08839e-05 1.59844e-05 2.11813e-05 2.63997e-05 3.16079e-05 3.67904e-05 4.19383e-05 4.70448e-05 5.21044e-05 5.71115e-05 6.20613e-05 6.69485e-05 7.17684e-05 7.6516e-05 8.11865e-05 8.57753e-05 9.02777e-05 9.46893e-05 9.90054e-05 0.000103222 0.000107334 0.000111339 0.000115231 0.000119008 0.000122664 0.000126197 0.000129603 0.000132879 0.00013602 0.000139025 0.00014189 0.000144611 0.000147188 0.000149616 0.000151893 0.000154017 0.000155987 0.000157799 0.000159452 0.000160945 0.000162276 0.000163443 0.000164446 0.000165283 0.000165954 0.000166458 0.000166794 0.000166962 0.000166962 0.000166794 0.000166458 0.000165954 0.000165283 0.000164446 0.000163443 0.000162276 0.000160945 0.000159452 0.000157799 0.000155987 0.000154017 0.000151893 0.000149616 0.000147188 0.000144611 0.00014189 0.000139025 0.00013602 0.000132879 0.000129603 0.000126197 0.000122664 0.000119008 0.000115231 0.000111339 0.000107334 0.000103222 9.90054e-05 9.46893e-05 9.02777e-05 8.57753e-05 8.11865e-05 7.6516e-05 7.17684e-05 6.69485e-05 6.20613e-05 5.71115e-05 5.21042e-05 4.70445e-05 4.19374e-05 3.67881e-05 3.16017e-05 2.63835e-05 2.11388e-05 1.58727e-05 1.05907e-05 5.29802e-06 0 
0 5.26525e-06 1.13175e-05 1.66213e-05 2.20252e-05 2.74515e-05 3.28672e-05 3.82562e-05 4.36092e-05 4.89192e-05 5.41803e-05 5.9387e-05 6.45339e-05 6.96159e-05 7.46278e-05 7.95645e-05 8.44211e-05 8.91928e-05 9.38746e-05 9.84619e-05 0.00010295 0.000107334 0.000111611 0.000115775 0.000119822 0.000123749 0.000127551 0.000131225 0.000134767 0.000138173 0.00014144 0.000144564 0.000147543 0.000150373 0.000153052 0.000155577 0.000157945 0.000160154 0.000162201 0.000164086 0.000165805 0.000167357 0.000168741 0.000169955 0.000170998 0.000171868 0.000172566 0.00017309 0.000173439 0.000173614 0.000173614 0.000173439 0.00017309 0.000172566 0.000171868 0.000170998 0.000169955 0.000168741 0.000167357 0.000165805 0.000164086 0.000162201 0.000160154 0.000157945 0.000155577 0.000153052 0.000150373 0.000147543 0.000144564 0.00014144 0.000138173 0.000134767 0.000131225 0.000127551 0.000123749 0.000119822 0.000115775 0.000111611 0.000107334 0.00010295 9.84619e-05 9.38746e-05 8.91928e-05 8.44211e-05 7.95645e-05 7.46278e-05 6.96159e-05 6.45339e-05 5.93869e-05 5.41802e-05 4.89188e-05 4.36083e-05 3.82538e-05 3.28608e-05 2.74347e-05 2.1981e-05 1.65051e-05 1.10127e-05 5.5091e-06 0 
0 5.46169e-06 1.17398e-05 1.72414e-05 2.28469e-05 2.84757e-05 3.40934e-05 3.96835e-05 4.52362e-05 5.07443e-05 5.62017e-05 6.16026e-05 6.69416e-05 7.22131e-05 7.7412e-05 8.25329e-05 8.75708e-05 9.25204e-05 9.73769e-05 0.000102135 0.000106791 0.000111339 0.000115775 0.000120094 0.000124293 0.000128366 0.00013231 0.000136121 0.000139795 0.000143328 0.000146716 0.000149957 0.000153047 0.000155983 0.000158762 0.000161381 0.000163837 0.000166129 0.000168253 0.000170208 0.000171991 0.000173601 0.000175037 0.000176296 0.000177377 0.000178281 0.000179004 0.000179547 0.00017991 0.000180091 0.000180091 0.00017991 0.000179547 0.000179004 0.000178281 0.000177377 0.000176296 0.000175037 0.000173601 0.000171991 0.000170208 0.000168253 0.000166129 0.000163837 0.000161381 0.000158762 0.000155983 0.000153047 0.000149957 0.000146716 0.000143328 0.000139795 0.000136121 0.00013231 0.000128366 0.000124293 0.000120094 0.000115775 0.000111339 0.000106791 0.000102135 9.73769e-05 9.25204e-05 8.75708e-05 8.25329e-05 7.7412e-05 7.22131e-05 6.69415e-05 6.16026e-05 5.62015e-05 5.07439e-05 4.52352e-05 3.9681e-05 3.40868e-05 2.84582e-05 2.28011e-05 1.71209e-05 1.14235e-05 5.71464e-06 0 
0 5.65263e-06 1.21502e-05 1.78441e-05 2.36457e-05 2.94712e-05 3.52853e-05 4.10708e-05 4.68176e-05 5.25183e-05 5.81665e-05 6.37562e-05 6.92818e-05 7.47377e-05 8.01183e-05 8.54183e-05 9.06322e-05 9.57549e-05 0.000100781 0.000105706 0.000110524 0.000115231 0.000119822 0.000124293 0.000128638 0.000132854 0.000136936 0.00014088 0.000144682 0.000148338 0.000151846 0.0001552 0.000158398 0.000161436 0.000164312 0.000167023 0.000169565 0.000171937 0.000174135 0.000176158 0.000178004 0.00017967 0.000181156 0.000182459 0.000183579 0.000184513 0.000185262 0.000185824 0.000186199 0.000186387 0.000186387 0.000186199 0.000185824 0.000185262 0.000184513 0.000183579 0.000182459 0.000181156 0.00017967 0.000178004 0.000176158 0.000174135 0.000171937 0.000169565 0.000167023 0.000164312 0.000161436 0.000158398 0.0001552 0.000151846 0.000148338 0.000144682 0.00014088 0.000136936 0.000132854 0.000128638 0.000124293 0.000119822 0.000115231 0.000110524 0.000105706 0.000100781 9.57549e-05 9.06322e-05 8.54183e-05 8.01183e-05 7.47377e-05 6.92818e-05 6.37562e-05 5.81663e-05 5.25179e-05 4.68166e-05 4.10682e-05 3.52784e-05 2.94531e-05 2.35982e-05 1.77194e-05 1.18229e-05 5.91442e-06 0 
0 5.83788e-06 1.25484e-05 1.84289e-05 2.44206e-05 3.0437e-05 3.64417e-05 4.24168e-05 4.83519e-05 5.42394e-05 6.00727e-05 6.58456e-05 7.15523e-05 7.7187e-05 8.27439e-05 8.82176e-05 9.36024e-05 9.88929e-05 0.000104084 0.00010917 0.000114146 0.000119008 0.000123749 0.000128366 0.000132854 0.000137208 0.000141423 0.000145497 0.000149423 0.0001532 0.000156822 0.000160286 0.000163589 0.000166727 0.000169697 0.000172496 0.000175122 0.000177571 0.000179842 0.000181931 0.000183837 0.000185558 0.000187093 0.000188439 0.000189595 0.00019056 0.000191333 0.000191914 0.000192301 0.000192495 0.000192495 0.000192301 0.000191914 0.000191333 0.00019056 0.000189595 0.000188439 0.000187093 0.000185558 0.000183837 0.000181931 0.000179842 0.000177571 0.000175122 0.000172496 0.000169697 0.000166727 0.000163589 0.000160286 0.000156822 0.0001532 0.000149423 0.000145497 0.000141423 0.000137208 0.000132854 0.000128366 0.000123749 0.000119008 0.000114146 0.00010917 0.000104084 9.88929e-05 9.36024e-05 8.82176e-05 8.27439e-05 7.7187e-05 7.15523e-05 6.58456e-05 6.00725e-05 5.4239e-05 4.83509e-05 4.24141e-05 3.64346e-05 3.04184e-05 2.43715e-05 1.83001e-05 1.22103e-05 6.10825e-06 0 
0 6.01725e-06 1.29339e-05 1.89951e-05 2.51709e-05 3.13722e-05 3.75614e-05 4.37201e-05 4.98375e-05 5.59059e-05 6.19184e-05 6.78687e-05 7.37508e-05 7.95585e-05 8.52862e-05 9.09281e-05 9.64783e-05 0.000101931 0.000107282 0.000112524 0.000117654 0.000122664 0.000127551 0.00013231 0.000136936 0.000141423 0.000145769 0.000149967 0.000154014 0.000157907 0.00016164 0.000165211 0.000168615 0.00017185 0.000174911 0.000177796 0.000180503 0.000183027 0.000185367 0.000187521 0.000189486 0.00019126 0.000192841 0.000194228 0.00019542 0.000196415 0.000197212 0.000197811 0.00019821 0.00019841 0.00019841 0.00019821 0.000197811 0.000197212 0.000196415 0.00019542 0.000194228 0.000192841 0.00019126 0.000189486 0.000187521 0.000185367 0.000183027 0.000180503 0.000177796 0.000174911 0.00017185 0.000168615 0.000165211 0.00016164 0.000157907 0.000154014 0.000149967 0.000145769 0.000141423 0.000136936 0.00013231 0.000127551 0.000122664 0.000117654 0.000112524 0.000107282 0.000101931 9.64783e-05 9.09281e-05 8.52862e-05 7.95585e-05 7.37507e-05 6.78687e-05 6.19183e-05 5.59055e-05 4.98365e-05 4.37173e-05 3.7554e-05 3.1353e-05 2.51203e-05 1.88624e-05 1.25855e-05 6.29592e-06 0 
0 6.19056e-06 1.33064e-05 1.95422e-05 2.58959e-05 3.22758e-05 3.86432e-05 4.49793e-05 5.1273e-05 5.75161e-05 6.37018e-05 6.98235e-05 7.58749e-05 8.185e-05 8.77427e-05 9.3547e-05 9.92571e-05 0.000104867 0.000110372 0.000115765 0.000121042 0.000126197 0.000131225 0.000136121 0.00014088 0.000145497 0.000149967 0.000154286 0.00015845 0.000162455 0.000166296 0.000169969 0.000173472 0.000176799 0.000179949 0.000182917 0.000185701 0.000188299 0.000190706 0.000192922 0.000194943 0.000196768 0.000198395 0.000199823 0.000201049 0.000202072 0.000202892 0.000203508 0.000203919 0.000204124 0.000204124 0.000203919 0.000203508 0.000202892 0.000202072 0.000201049 0.000199823 0.000198395 0.000196768 0.000194943 0.000192922 0.000190706 0.000188299 0.000185701 0.000182917 0.000179949 0.000176799 0.000173472 0.000169969 0.000166296 0.000162455 0.00015845 0.000154286 0.000149967 0.000145497 0.00014088 0.000136121 0.000131225 0.000126197 0.000121042 0.000115765 0.000110372 0.000104867 9.92571e-05 9.3547e-05 8.77427e-05 8.185e-05 7.58749e-05 6.98234e-05 6.37017e-05 5.75157e-05 5.12719e-05 4.49764e-05 3.86357e-05 3.2256e-05 2.58439e-05 1.94057e-05 1.2948e-05 6.47726e-06 0 
0 6.35763e-06 1.36656e-05 2.00697e-05 2.65948e-05 3.31469e-05 3.96861e-05 4.61932e-05 5.26568e-05 5.90684e-05 6.54211e-05 7.1708e-05 7.79227e-05 8.40591e-05 9.01108e-05 9.60717e-05 0.000101936 0.000107698 0.000113351 0.00011889 0.000124309 0.000129603 0.000134767 0.000139795 0.000144682 0.000149423 0.000154014 0.00015845 0.000162727 0.000166839 0.000170784 0.000174556 0.000178153 0.000181571 0.000184805 0.000187854 0.000190713 0.000193381 0.000195853 0.000198129 0.000200205 0.000202079 0.00020375 0.000205216 0.000206475 0.000207526 0.000208368 0.000209 0.000209422 0.000209633 0.000209633 0.000209422 0.000209 0.000208368 0.000207526 0.000206475 0.000205216 0.00020375 0.000202079 0.000200205 0.000198129 0.000195853 0.000193381 0.000190713 0.000187854 0.000184805 0.000181571 0.000178153 0.000174556 0.000170784 0.000166839 0.000162727 0.00015845 0.000154014 0.000149423 0.000144682 0.000139795 0.000134767 0.000129603 0.000124309 0.00011889 0.000113351 0.000107698 0.000101936 9.60717e-05 9.01107e-05 8.4059e-05 7.79227e-05 7.17079e-05 6.54209e-05 5.9068e-05 5.26557e-05 4.61903e-05 3.96784e-05 3.31266e-05 2.65414e-05 1.99294e-05 1.32975e-05 6.65208e-06 0 
0 6.51831e-06 1.40109e-05 2.05769e-05 2.72669e-05 3.39846e-05 4.06891e-05 4.73607e-05 5.39876e-05 6.05613e-05 6.70744e-05 7.35202e-05 7.98921e-05 8.61835e-05 9.23881e-05 9.84997e-05 0.000104512 0.000110419 0.000116215 0.000121894 0.000127451 0.000132879 0.000138173 0.000143328 0.000148338 0.0001532 0.000157907 0.000162455 0.000166839 0.000171056 0.0001751 0.000178968 0.000182656 0.00018616 0.000189476 0.000192602 0.000195533 0.000198268 0.000200803 0.000203136 0.000205264 0.000207186 0.000208899 0.000210402 0.000211693 0.000212771 0.000213634 0.000214282 0.000214715 0.000214932 0.000214932 0.000214715 0.000214282 0.000213634 0.000212771 0.000211693 0.000210402 0.000208899 0.000207186 0.000205264 0.000203136 0.000200803 0.000198268 0.000195533 0.000192602 0.000189476 0.00018616 0.000182656 0.000178968 0.0001751 0.000171056 0.000166839 0.000162455 0.000157907 0.0001532 0.000148338 0.000143328 0.000138173 0.000132879 0.000127451 0.000121894 0.000116215 0.000110419 0.000104512 9.84997e-05 9.23881e-05 8.61835e-05 7.9892e-05 7.35202e-05 6.70743e-05 6.05608e-05 5.39864e-05 4.73576e-05 4.06812e-05 3.39638e-05 2.72121e-05 2.04331e-05 1.36335e-05 6.82019e-06 0 
0 6.67242e-06 1.43422e-05 2.10634e-05 2.79116e-05 3.47881e-05 4.16511e-05 4.84804e-05 5.5264e-05 6.19931e-05 6.86603e-05 7.52585e-05 8.17809e-05 8.82211e-05 9.45724e-05 0.000100829 0.000106983 0.00011303 0.000118963 0.000124776 0.000130464 0.00013602 0.00014144 0.000146716 0.000151846 0.000156822 0.00016164 0.000166296 0.000170784 0.0001751 0.00017924 0.000183199 0.000186974 0.000190561 0.000193956 0.000197155 0.000200156 0.000202956 0.000205551 0.000207939 0.000210117 0.000212085 0.000213838 0.000215376 0.000216698 0.000217801 0.000218685 0.000219349 0.000219792 0.000220013 0.000220013 0.000219792 0.000219349 0.000218685 0.000217801 0.000216698 0.000215376 0.000213838 0.000212085 0.000210117 0.000207939 0.000205551 0.000202956 0.000200156 0.000197155 0.000193956 0.000190561 0.000186974 0.000183199 0.00017924 0.0001751 0.000170784 0.000166296 0.00016164 0.000156822 0.000151846 0.000146716 0.00014144 0.00013602 0.000130464 0.000124776 0.000118963 0.00011303 0.000106983 0.000100829 9.45724e-05 8.82211e-05 8.17809e-05 7.52584e-05 6.86601e-05 6.19927e-05 5.52628e-05 4.84773e-05 4.1643e-05 3.47668e-05 2.78555e-05 2.09162e-05 1.39559e-05 6.98144e-06 0 
0 6.81981e-06 1.4659e-05 2.15287e-05 2.85281e-05 3.55566e-05 4.25712e-05 4.95513e-05 5.64848e-05 6.33625e-05 7.0177e-05 7.69209e-05 8.35875e-05 9.01699e-05 9.66615e-05 0.000103056 0.000109346 0.000115527 0.000121591 0.000127533 0.000133346 0.000139025 0.000144564 0.000149957 0.0001552 0.000160286 0.000165211 0.000169969 0.000174556 0.000178968 0.000183199 0.000187246 0.000191105 0.00019477 0.00019824 0.00020151 0.000204578 0.000207439 0.000210091 0.000212532 0.000214759 0.00021677 0.000218562 0.000220134 0.000221485 0.000222612 0.000223516 0.000224194 0.000224647 0.000224873 0.000224873 0.000224647 0.000224194 0.000223516 0.000222612 0.000221485 0.000220134 0.000218562 0.00021677 0.000214759 0.000212532 0.000210091 0.000207439 0.000204578 0.00020151 0.00019824 0.00019477 0.000191105 0.000187246 0.000183199 0.000178968 0.000174556 0.000169969 0.000165211 0.000160286 0.0001552 0.000149957 0.000144564 0.000139025 0.000133346 0.000127533 0.000121591 0.000115527 0.000109346 0.000103056 9.66615e-05 9.01699e-05 8.35874e-05 7.69208e-05 7.01768e-05 6.33621e-05 5.64836e-05 4.95482e-05 4.25629e-05 3.55347e-05 2.84708e-05 2.13782e-05 1.42641e-05 7.13566e-06 0 
0 6.96034e-06 1.49611e-05 2.19723e-05 2.9116e-05 3.62892e-05 4.34484e-05 5.05724e-05 5.76487e-05 6.46682e-05 7.1623e-05 7.85059e-05 8.53098e-05 9.20279e-05 9.86533e-05 0.000105179 0.0001116 0.000117907 0.000124096 0.00013016 0.000136094 0.00014189 0.000147543 0.000153047 0.000158398 0.000163589 0.000168615 0.000173472 0.000178153 0.000182656 0.000186974 0.000191105 0.000195042 0.000198784 0.000202325 0.000205663 0.000208793 0.000211713 0.00021442 0.000216911 0.000219184 0.000221236 0.000223065 0.00022467 0.000226049 0.000227199 0.000228121 0.000228814 0.000229276 0.000229507 0.000229507 0.000229276 0.000228814 0.000228121 0.000227199 0.000226049 0.00022467 0.000223065 0.000221236 0.000219184 0.000216911 0.00021442 0.000211713 0.000208793 0.000205663 0.000202325 0.000198784 0.000195042 0.000191105 0.000186974 0.000182656 0.000178153 0.000173472 0.000168615 0.000163589 0.000158398 0.000153047 0.000147543 0.00014189 0.000136094 0.00013016 0.000124096 0.000117907 0.0001116 0.000105179 9.86533e-05 9.20279e-05 8.53098e-05 7.85058e-05 7.16228e-05 6.46677e-05 5.76474e-05 5.05691e-05 4.34399e-05 3.6267e-05 2.90575e-05 2.18188e-05 1.45581e-05 7.28269e-06 0 
0 7.09386e-06 1.52481e-05 2.23938e-05 2.96745e-05 3.69854e-05 4.42819e-05 5.15425e-05 5.87545e-05 6.59087e-05 7.29969e-05 8.00119e-05 8.69463e-05 9.37932e-05 0.000100546 0.000107197 0.00011374 0.000120169 0.000126477 0.000132657 0.000138704 0.000144611 0.000150373 0.000155983 0.000161436 0.000166727 0.00017185 0.000176799 0.000181571 0.00018616 0.000190561 0.00019477 0.000198784 0.000202597 0.000206206 0.000209608 0.000212798 0.000215774 0.000218533 0.000221072 0.000223389 0.00022548 0.000227344 0.00022898 0.000230385 0.000231558 0.000232497 0.000233203 0.000233674 0.000233909 0.000233909 0.000233674 0.000233203 0.000232497 0.000231558 0.000230385 0.00022898 0.000227344 0.00022548 0.000223389 0.000221072 0.000218533 0.000215774 0.000212798 0.000209608 0.000206206 0.000202597 0.000198784 0.00019477 0.000190561 0.00018616 0.000181571 0.000176799 0.00017185 0.000166727 0.000161436 0.000155983 0.000150373 0.000144611 0.000138704 0.000132657 0.000126477 0.000120169 0.00011374 0.000107197 0.000100546 9.37932e-05 8.69463e-05 8.00118e-05 7.29967e-05 6.59082e-05 5.87533e-05 5.15392e-05 4.42732e-05 3.69627e-05 2.96149e-05 2.22373e-05 1.48373e-05 7.4224e-06 0 
