0 0 0 0 0 0 0 0 0 0 0 0 0 0 0 0 0 0 0 0 0 0 0 0 0 0 0 0 0 0 0 0 0 0 0 0 0 0 0 0 0 0 0 0 0 0 0 0 0 0 0 0 0 0 0 0 0 0 0 0 0 0 0 0 0 0 0 0 0 0 0 0 0 0 0 0 0 0 0 0 0 0 0 0 0 0 0 0 0 0 0 0 0 0 0 0 0 0 0 0 
0 2.69025e-08 9.33678e-08 1.33498e-07 1.74938e-07 2.16975e-07 2.59209e-07 3.01403e-07 3.43413e-07 3.85141e-07 4.26516e-07 4.67479e-07 5.07981e-07 5.47977e-07 5.87424e-07 6.26281e-07 6.64508e-07 7.02067e-07 7.38919e-07 7.75027e-07 8.10354e-07 8.44866e-07 8.78527e-07 9.11304e-07 9.43163e-07 9.74072e-07 1.004e-06 1.03292e-06 1.06079e-06 1.0876e-06 1.11332e-06 1.13791e-06 1.16136e-06 1.18364e-06 1.20472e-06 1.2246e-06 1.24324e-06 1.26062e-06 1.27674e-06 1.29158e-06 1.30511e-06 1.31733e-06 1.32822e-06 1.33777e-06 1.34598e-06 1.35283e-06 1.35832e-06 1.36245e-06 1.3652e-06 1.36657e-06 1.36657e-06 1.3652e-06 1.36245e-06 1.35832e-06 1.35283e-06 1.34598e-06 1.33777e-06 1.32822e-06 1.31733e-06 1.30511e-06 1.29158e-06 1.27674e-06 1.26062e-06 1.24324e-06 1.2246e-06 1.20472e-06 1.18364e-06 1.16136e-06 1.13791e-06 1.11332e-06 1.0876e-06 1.06079e-06 1.03292e-06 1.004e-06 9.74072e-07 9.43163e-07 9.11304e-07 8.78527e-07 8.44866e-07 8.10354e-07 7.75027e-07 7.38919e-07 7.02066e-07 6.64507e-07 6.26279e-07 5.8742e-07 5.4797e-07 5.07968e-07 4.67455e-07 4.2647e-07 3.85057e-07 3.43255e-07 3.01108e-07 2.58658e-07 2.15948e-07 1.7302e-07 1.29917e-07 8.66844e-08 4.3364e-08 0 
0 4.49997e-08 1.56176e-07 2.23301e-07 2.92618e-07 3.62934e-07 4.33578e-07 5.04156e-07 5.74426e-07 6.44225e-07 7.13431e-07 7.8195e-07 8.49698e-07 9.16599e-07 9.82582e-07 1.04758e-06 1.11152e-06 1.17435e-06 1.23599e-06 1.29638e-06 1.35548e-06 1.4132e-06 1.46951e-06 1.52433e-06 1.57762e-06 1.62933e-06 1.67939e-06 1.72776e-06 1.77439e-06 1.81923e-06 1.86224e-06 1.90338e-06 1.9426e-06 1.97986e-06 2.01514e-06 2.04838e-06 2.07956e-06 2.10864e-06 2.1356e-06 2.16041e-06 2.18305e-06 2.20349e-06 2.22171e-06 2.23769e-06 2.25142e-06 2.26288e-06 2.27206e-06 2.27896e-06 2.28356e-06 2.28586e-06 2.28586e-06 2.28356e-06 2.27896e-06 2.27206e-06 2.26288e-06 2.25142e-06 2.23769e-06 2.22171e-06 2.20349e-06 2.18305e-06 2.16041e-06 2.1356e-06 2.10864e-06 2.07956e-06 2.04838e-06 2.01514e-06 1.97986e-06 1.9426e-06 1.90338e-06 1.86224e-06 1.81923e-06 1.77439e-06 1.72776e-06 1.67939e-06 1.62933e-06 1.57762e-06 1.52433e-06 1.46951e-06 1.4132e-06 1.35548e-06 1.29638e-06 1.23599e-06 1.17434e-06 1.11152e-06 1.04758e-06 9.82576e-07 9.16588e-07 8.49677e-07 7.8191e-07 7.13356e-07 6.44083e-07 5.74162e-07 5.03663e-07 4.32657e-07 3.61215e-07 2.89409e-07 2.17312e-07 1.44997e-07 7.25349e-08 0 
0 6.4348e-08 2.23326e-07 3.19313e-07 4.18433e-07 5.18983e-07 6.20001e-07 7.20926e-07 8.2141e-07 9.21219e-07 1.02018e-06 1.11816e-06 1.21504e-06 1.31071e-06 1.40506e-06 1.498e-06 1.58944e-06 1.67927e-06 1.76742e-06 1.85379e-06 1.93829e-06 2.02083e-06 2.10135e-06 2.17975e-06 2.25595e-06 2.32988e-06 2.40147e-06 2.47063e-06 2.53731e-06 2.60144e-06 2.66294e-06 2.72177e-06 2.77785e-06 2.83114e-06 2.88157e-06 2.92911e-06 2.97369e-06 3.01528e-06 3.05384e-06 3.08932e-06 3.12169e-06 3.15091e-06 3.17697e-06 3.19982e-06 3.21945e-06 3.23584e-06 3.24897e-06 3.25884e-06 3.26541e-06 3.26871e-06 3.26871e-06 3.26541e-06 3.25884e-06 3.24897e-06 3.23584e-06 3.21945e-06 3.19982e-06 3.17697e-06 3.15091e-06 3.12169e-06 3.08932e-06 3.05384e-06 3.01528e-06 2.97369e-06 2.92911e-06 2.88157e-06 2.83114e-06 2.77785e-06 2.72177e-06 2.66294e-06 2.60144e-06 2.53731e-06 2.47063e-06 2.40147e-06 2.32988e-06 2.25595e-06 2.17975e-06 2.10135e-06 2.02083e-06 1.93829e-06 1.85379e-06 1.76742e-06 1.67927e-06 1.58943e-06 1.498e-06 1.40505e-06 1.31069e-06 1.21501e-06 1.1181e-06 1.02007e-06 9.21017e-07 8.21032e-07 7.20221e-07 6.18685e-07 5.16525e-07 4.13846e-07 3.10749e-07 2.0734e-07 1.03722e-07 0 
0 8.4326e-08 2.92662e-07 4.1845e-07 5.48344e-07 6.80111e-07 8.12492e-07 9.44751e-07 1.07643e-06 1.20723e-06 1.33692e-06 1.46532e-06 1.59227e-06 1.71764e-06 1.84129e-06 1.96308e-06 2.08291e-06 2.20063e-06 2.31615e-06 2.42933e-06 2.54006e-06 2.64824e-06 2.75375e-06 2.85649e-06 2.95635e-06 3.05324e-06 3.14705e-06 3.23769e-06 3.32507e-06 3.4091e-06 3.4897e-06 3.56679e-06 3.64029e-06 3.71012e-06 3.77621e-06 3.8385e-06 3.89693e-06 3.95143e-06 4.00196e-06 4.04845e-06 4.09087e-06 4.12917e-06 4.16331e-06 4.19326e-06 4.21899e-06 4.24047e-06 4.25768e-06 4.2706e-06 4.27922e-06 4.28354e-06 4.28354e-06 4.27922e-06 4.2706e-06 4.25768e-06 4.24047e-06 4.21899e-06 4.19326e-06 4.16331e-06 4.12917e-06 4.09087e-06 4.04845e-06 4.00196e-06 3.95143e-06 3.89693e-06 3.8385e-06 3.77621e-06 3.71012e-06 3.64029e-06 3.56679e-06 3.4897e-06 3.4091e-06 3.32507e-06 3.23769e-06 3.14705e-06 3.05324e-06 2.95635e-06 2.85649e-06 2.75375e-06 2.64824e-06 2.54006e-06 2.42933e-06 2.31615e-06 2.20063e-06 2.0829e-06 1.96308e-06 1.84127e-06 1.71762e-06 1.59223e-06 1.46524e-06 1.33677e-06 1.20696e-06 1.07594e-06 9.43827e-07 8.10766e-07 6.7689e-07 5.42332e-07 4.07227e-07 2.71713e-07 1.35925e-07 0 
0 1.04591e-07 3.62994e-07 5.19011e-07 6.80121e-07 8.43554e-07 1.00775e-06 1.17179e-06 1.33512e-06 1.49735e-06 1.6582e-06 1.81746e-06 1.97492e-06 2.13042e-06 2.28378e-06 2.43485e-06 2.58347e-06 2.72949e-06 2.87276e-06 3.01314e-06 3.15049e-06 3.28466e-06 3.41553e-06 3.54296e-06 3.66682e-06 3.78699e-06 3.90334e-06 4.01577e-06 4.12415e-06 4.22838e-06 4.32835e-06 4.42396e-06 4.51512e-06 4.60173e-06 4.68371e-06 4.76097e-06 4.83344e-06 4.90104e-06 4.96371e-06 5.02138e-06 5.07399e-06 5.12149e-06 5.16384e-06 5.20098e-06 5.23289e-06 5.25953e-06 5.28088e-06 5.29691e-06 5.3076e-06 5.31295e-06 5.31295e-06 5.3076e-06 5.29691e-06 5.28088e-06 5.25953e-06 5.23289e-06 5.20098e-06 5.16384e-06 5.12149e-06 5.07399e-06 5.02138e-06 4.96371e-06 4.90104e-06 4.83344e-06 4.76097e-06 4.68371e-06 4.60173e-06 4.51512e-06 4.42396e-06 4.32835e-06 4.22838e-06 4.12415e-06 4.01577e-06 3.90334e-06 3.78699e-06 3.66682e-06 3.54296e-06 3.41553e-06 3.28466e-06 3.15049e-06 3.01314e-06 2.87276e-06 2.72949e-06 2.58346e-06 2.43484e-06 2.28377e-06 2.13039e-06 1.97487e-06 1.81737e-06 1.65803e-06 1.49702e-06 1.3345e-06 1.17065e-06 1.00561e-06 8.39559e-07 6.72664e-07 5.05092e-07 3.37011e-07 1.6859e-07 0 
0 1.2495e-07 4.33653e-07 6.20039e-07 8.1251e-07 1.00776e-06 1.20391e-06 1.39989e-06 1.59501e-06 1.78881e-06 1.98098e-06 2.17124e-06 2.35935e-06 2.54512e-06 2.72833e-06 2.9088e-06 3.08635e-06 3.2608e-06 3.43196e-06 3.59966e-06 3.76374e-06 3.92404e-06 4.08038e-06 4.23261e-06 4.38058e-06 4.52414e-06 4.66314e-06 4.79745e-06 4.92693e-06 5.05145e-06 5.17088e-06 5.2851e-06 5.39401e-06 5.49748e-06 5.59541e-06 5.68772e-06 5.77429e-06 5.85505e-06 5.92991e-06 5.99881e-06 6.06166e-06 6.11841e-06 6.169e-06 6.21338e-06 6.2515e-06 6.28333e-06 6.30883e-06 6.32797e-06 6.34075e-06 6.34714e-06 6.34714e-06 6.34075e-06 6.32797e-06 6.30883e-06 6.28333e-06 6.2515e-06 6.21338e-06 6.169e-06 6.11841e-06 6.06166e-06 5.99881e-06 5.92991e-06 5.85505e-06 5.77429e-06 5.68772e-06 5.59541e-06 5.49748e-06 5.39401e-06 5.2851e-06 5.17088e-06 5.05145e-06 4.92693e-06 4.79745e-06 4.66314e-06 4.52414e-06 4.38058e-06 4.23261e-06 4.08038e-06 3.92404e-06 3.76374e-06 3.59966e-06 3.43196e-06 3.26079e-06 3.08635e-06 2.90879e-06 2.72831e-06 2.54508e-06 2.35929e-06 2.17112e-06 1.98077e-06 1.78842e-06 1.59427e-06 1.39852e-06 1.20136e-06 1.00298e-06 8.03601e-07 6.0341e-07 4.02611e-07 2.01407e-07 0 
0 1.4529e-07 5.04246e-07 7.20973e-07 9.44775e-07 1.1718e-06 1.39989e-06 1.62777e-06 1.85465e-06 2.08001e-06 2.30346e-06 2.52468e-06 2.74342e-06 2.95942e-06 3.17246e-06 3.38232e-06 3.58877e-06 3.79161e-06 3.99063e-06 4.18564e-06 4.37643e-06 4.56281e-06 4.7446e-06 4.92162e-06 5.09368e-06 5.2606e-06 5.42224e-06 5.57841e-06 5.72896e-06 5.87375e-06 6.01262e-06 6.14544e-06 6.27207e-06 6.39239e-06 6.50627e-06 6.61359e-06 6.71426e-06 6.80817e-06 6.89522e-06 6.97533e-06 7.04841e-06 7.1144e-06 7.17323e-06 7.22483e-06 7.26916e-06 7.30616e-06 7.33581e-06 7.35808e-06 7.37293e-06 7.38036e-06 7.38036e-06 7.37293e-06 7.35808e-06 7.33581e-06 7.30616e-06 7.26916e-06 7.22483e-06 7.17323e-06 7.1144e-06 7.04841e-06 6.97533e-06 6.89522e-06 6.80817e-06 6.71426e-06 6.61359e-06 6.50627e-06 6.39239e-06 6.27207e-06 6.14544e-06 6.01262e-06 5.87375e-06 5.72896e-06 5.57841e-06 5.42224e-06 5.2606e-06 5.09368e-06 4.92162e-06 4.7446e-06 4.56281e-06 4.37643e-06 4.18564e-06 3.99063e-06 3.7916e-06 3.58876e-06 3.3823e-06 3.17244e-06 2.95939e-06 2.74335e-06 2.52455e-06 2.30321e-06 2.07955e-06 1.8538e-06 1.62618e-06 1.39692e-06 1.16625e-06 9.34416e-07 7.01637e-07 4.68151e-07 2.34193e-07 0 
0 1.65541e-07 5.74529e-07 8.21464e-07 1.07646e-06 1.33513e-06 1.59501e-06 1.85465e-06 2.11316e-06 2.36993e-06 2.62452e-06 2.87658e-06 3.12581e-06 3.37192e-06 3.61465e-06 3.85375e-06 4.08898e-06 4.32009e-06 4.54686e-06 4.76904e-06 4.98643e-06 5.19879e-06 5.40592e-06 5.60761e-06 5.80365e-06 5.99384e-06 6.178e-06 6.35594e-06 6.52748e-06 6.69245e-06 6.85068e-06 7.00201e-06 7.14629e-06 7.28338e-06 7.41313e-06 7.53542e-06 7.65011e-06 7.75711e-06 7.8563e-06 7.94757e-06 8.03084e-06 8.10603e-06 8.17305e-06 8.23185e-06 8.28235e-06 8.32452e-06 8.3583e-06 8.38367e-06 8.40059e-06 8.40906e-06 8.40906e-06 8.40059e-06 8.38367e-06 8.3583e-06 8.32452e-06 8.28235e-06 8.23185e-06 8.17305e-06 8.10603e-06 8.03084e-06 7.94757e-06 7.8563e-06 7.75711e-06 7.65011e-06 7.53542e-06 7.41313e-06 7.28338e-06 7.14629e-06 7.00201e-06 6.85068e-06 6.69245e-06 6.52748e-06 6.35594e-06 6.178e-06 5.99384e-06 5.80365e-06 5.60761e-06 5.40592e-06 5.19879e-06 4.98643e-06 4.76904e-06 4.54685e-06 4.32009e-06 4.08897e-06 3.85374e-06 3.61463e-06 3.37187e-06 3.12573e-06 2.87643e-06 2.62424e-06 2.3694e-06 2.11218e-06 1.85284e-06 1.59163e-06 1.32881e-06 1.06466e-06 7.99433e-07 5.33403e-07 2.66836e-07 0 
0 1.85656e-07 6.4434e-07 9.2128e-07 1.20726e-06 1.49737e-06 1.78882e-06 2.08001e-06 2.36993e-06 2.6579e-06 2.94342e-06 3.22611e-06 3.50562e-06 3.78164e-06 4.05387e-06 4.32202e-06 4.58583e-06 4.84503e-06 5.09935e-06 5.34853e-06 5.59233e-06 5.8305e-06 6.0628e-06 6.28899e-06 6.50885e-06 6.72216e-06 6.92869e-06 7.12826e-06 7.32064e-06 7.50565e-06 7.68311e-06 7.85283e-06 8.01464e-06 8.16838e-06 8.3139e-06 8.45104e-06 8.57968e-06 8.69968e-06 8.81092e-06 8.91328e-06 9.00667e-06 9.09099e-06 9.16616e-06 9.2321e-06 9.28874e-06 9.33603e-06 9.37392e-06 9.40237e-06 9.42135e-06 9.43085e-06 9.43085e-06 9.42135e-06 9.40237e-06 9.37392e-06 9.33603e-06 9.28874e-06 9.2321e-06 9.16616e-06 9.09099e-06 9.00667e-06 8.91328e-06 8.81092e-06 8.69968e-06 8.57968e-06 8.45104e-06 8.3139e-06 8.16838e-06 8.01464e-06 7.85283e-06 7.68311e-06 7.50565e-06 7.32064e-06 7.12826e-06 6.92869e-06 6.72216e-06 6.50885e-06 6.28899e-06 6.0628e-06 5.8305e-06 5.59233e-06 5.34853e-06 5.09934e-06 4.84502e-06 4.58582e-06 4.32201e-06 4.05384e-06 3.78159e-06 3.50553e-06 3.22595e-06 2.94311e-06 2.65731e-06 2.36884e-06 2.07798e-06 1.78502e-06 1.49027e-06 1.19402e-06 8.96572e-07 5.98217e-07 2.99259e-07 0 
0 2.05601e-07 7.13559e-07 1.02025e-06 1.33695e-06 1.65822e-06 1.98099e-06 2.30346e-06 2.62452e-06 2.94342e-06 3.25963e-06 3.57268e-06 3.88222e-06 4.18789e-06 4.48936e-06 4.78632e-06 5.07847e-06 5.36551e-06 5.64715e-06 5.9231e-06 6.19309e-06 6.45685e-06 6.7141e-06 6.96459e-06 7.20807e-06 7.4443e-06 7.67302e-06 7.89402e-06 8.10707e-06 8.31196e-06 8.50848e-06 8.69643e-06 8.87563e-06 9.04588e-06 9.20703e-06 9.35891e-06 9.50137e-06 9.63426e-06 9.75744e-06 9.8708e-06 9.97423e-06 1.00676e-05 1.01509e-05 1.02239e-05 1.02866e-05 1.0339e-05 1.03809e-05 1.04124e-05 1.04335e-05 1.0444e-05 1.0444e-05 1.04335e-05 1.04124e-05 1.03809e-05 1.0339e-05 1.02866e-05 1.02239e-05 1.01509e-05 1.00676e-05 9.97423e-06 9.8708e-06 9.75744e-06 9.63426e-06 9.50137e-06 9.35891e-06 9.20703e-06 9.04588e-06 8.87563e-06 8.69643e-06 8.50848e-06 8.31196e-06 8.10707e-06 7.89402e-06 7.67302e-06 7.4443e-06 7.20807e-06 6.96459e-06 6.7141e-06 6.45685e-06 6.19309e-06 5.9231e-06 5.64715e-06 5.36551e-06 5.07846e-06 4.78631e-06 4.48933e-06 4.18783e-06 3.88212e-06 3.5725e-06 3.25928e-06 2.94278e-06 2.62331e-06 2.30121e-06 1.97678e-06 1.65037e-06 1.32229e-06 9.92888e-07 6.62481e-07 3.31407e-07 0 
0 2.25347e-07 7.8209e-07 1.11824e-06 1.46536e-06 1.81748e-06 2.17125e-06 2.52469e-06 2.87658e-06 3.22611e-06 3.57268e-06 3.91581e-06 4.25507e-06 4.5901e-06 4.92052e-06 5.24601e-06 5.56622e-06 5.88082e-06 6.18951e-06 6.49197e-06 6.78789e-06 7.07697e-06 7.35893e-06 7.63348e-06 7.90035e-06 8.15926e-06 8.40995e-06 8.65217e-06 8.88569e-06 9.11025e-06 9.32565e-06 9.53165e-06 9.72805e-06 9.91466e-06 1.00913e-05 1.02578e-05 1.04139e-05 1.05595e-05 1.06946e-05 1.08188e-05 1.09322e-05 1.10345e-05 1.11258e-05 1.12058e-05 1.12745e-05 1.13319e-05 1.13779e-05 1.14125e-05 1.14355e-05 1.1447e-05 1.1447e-05 1.14355e-05 1.14125e-05 1.13779e-05 1.13319e-05 1.12745e-05 1.12058e-05 1.11258e-05 1.10345e-05 1.09322e-05 1.08188e-05 1.06946e-05 1.05595e-05 1.04139e-05 1.02578e-05 1.00913e-05 9.91466e-06 9.72805e-06 9.53165e-06 9.32565e-06 9.11025e-06 8.88569e-06 8.65217e-06 8.40995e-06 8.15926e-06 7.90035e-06 7.63348e-06 7.35893e-06 7.07697e-06 6.78789e-06 6.49197e-06 6.18951e-06 5.88082e-06 5.56621e-06 5.24599e-06 4.92049e-06 4.59004e-06 4.25497e-06 3.91561e-06 3.5723e-06 3.22541e-06 2.87526e-06 2.52222e-06 2.16664e-06 1.80887e-06 1.44929e-06 1.08825e-06 7.26107e-07 3.63236e-07 0 
0 2.44871e-07 8.4985e-07 1.21512e-06 1.59231e-06 1.97495e-06 2.35936e-06 2.74343e-06 3.12581e-06 3.50562e-06 3.88222e-06 4.25507e-06 4.62373e-06 4.98778e-06 5.34684e-06 5.70052e-06 6.04847e-06 6.39034e-06 6.72577e-06 7.05443e-06 7.37599e-06 7.69012e-06 7.99651e-06 8.29485e-06 8.58483e-06 8.86617e-06 9.13859e-06 9.4018e-06 9.65554e-06 9.89956e-06 1.01336e-05 1.03575e-05 1.05709e-05 1.07737e-05 1.09656e-05 1.11465e-05 1.13161e-05 1.14744e-05 1.16211e-05 1.17562e-05 1.18793e-05 1.19905e-05 1.20897e-05 1.21767e-05 1.22514e-05 1.23137e-05 1.23637e-05 1.24012e-05 1.24263e-05 1.24388e-05 1.24388e-05 1.24263e-05 1.24012e-05 1.23637e-05 1.23137e-05 1.22514e-05 1.21767e-05 1.20897e-05 1.19905e-05 1.18793e-05 1.17562e-05 1.16211e-05 1.14744e-05 1.13161e-05 1.11465e-05 1.09656e-05 1.07737e-05 1.05709e-05 1.03575e-05 1.01336e-05 9.89956e-06 9.65554e-06 9.4018e-06 9.13859e-06 8.86617e-06 8.58483e-06 8.29485e-06 7.99651e-06 7.69012e-06 7.37599e-06 7.05443e-06 6.72577e-06 6.39033e-06 6.04846e-06 5.7005e-06 5.3468e-06 4.98772e-06 4.62361e-06 4.25485e-06 3.88181e-06 3.50485e-06 3.12437e-06 2.74074e-06 2.35435e-06 1.96559e-06 1.57486e-06 1.18253e-06 7.89016e-07 3.94707e-07 0 
0 2.64151e-07 9.16764e-07 1.31079e-06 1.71769e-06 2.13044e-06 2.54513e-06 2.95943e-06 3.37192e-06 3.78164e-06 4.18789e-06 4.5901e-06 4.98778e-06 5.3805e-06 5.76782e-06 6.14935e-06 6.5247e-06 6.89348e-06 7.25532e-06 7.60986e-06 7.95674e-06 8.2956e-06 8.62612e-06 8.94794e-06 9.26076e-06 9.56425e-06 9.85811e-06 1.0142e-05 1.04158e-05 1.0679e-05 1.09315e-05 1.1173e-05 1.14032e-05 1.16219e-05 1.1829e-05 1.20241e-05 1.22071e-05 1.23779e-05 1.25361e-05 1.26818e-05 1.28146e-05 1.29346e-05 1.30416e-05 1.31354e-05 1.3216e-05 1.32833e-05 1.33372e-05 1.33776e-05 1.34047e-05 1.34182e-05 1.34182e-05 1.34047e-05 1.33776e-05 1.33372e-05 1.32833e-05 1.3216e-05 1.31354e-05 1.30416e-05 1.29346e-05 1.28146e-05 1.26818e-05 1.25361e-05 1.23779e-05 1.22071e-05 1.20241e-05 1.1829e-05 1.16219e-05 1.14032e-05 1.1173e-05 1.09315e-05 1.0679e-05 1.04158e-05 1.0142e-05 9.85811e-06 9.56425e-06 9.26076e-06 8.94794e-06 8.62612e-06 8.2956e-06 7.95674e-06 7.60986e-06 7.25532e-06 6.89348e-06 6.52469e-06 6.14933e-06 5.76779e-06 5.38043e-06 4.98766e-06 4.58986e-06 4.18744e-06 3.78081e-06 3.37037e-06 2.95654e-06 2.53972e-06 2.12036e-06 1.69885e-06 1.27564e-06 8.5114e-07 4.25784e-07 0 
0 2.83166e-07 9.82758e-07 1.40515e-06 1.84134e-06 2.28381e-06 2.72834e-06 3.17247e-06 3.61465e-06 4.05387e-06 4.48936e-06 4.92053e-06 5.34684e-06 5.76782e-06 6.18303e-06 6.59202e-06 6.99439e-06 7.38972e-06 7.77761e-06 8.15767e-06 8.52952e-06 8.89278e-06 9.24708e-06 9.59208e-06 9.92741e-06 1.02528e-05 1.05678e-05 1.08721e-05 1.11656e-05 1.14478e-05 1.17184e-05 1.19773e-05 1.22241e-05 1.24586e-05 1.26805e-05 1.28897e-05 1.30859e-05 1.32689e-05 1.34386e-05 1.35947e-05 1.37371e-05 1.38657e-05 1.39804e-05 1.4081e-05 1.41674e-05 1.42395e-05 1.42973e-05 1.43407e-05 1.43696e-05 1.43841e-05 1.43841e-05 1.43696e-05 1.43407e-05 1.42973e-05 1.42395e-05 1.41674e-05 1.4081e-05 1.39804e-05 1.38657e-05 1.37371e-05 1.35947e-05 1.34386e-05 1.32689e-05 1.30859e-05 1.28897e-05 1.26805e-05 1.24586e-05 1.22241e-05 1.19773e-05 1.17184e-05 1.14478e-05 1.11656e-05 1.08721e-05 1.05678e-05 1.02528e-05 9.92741e-06 9.59208e-06 9.24708e-06 8.89278e-06 8.52952e-06 8.15767e-06 7.77761e-06 7.38971e-06 6.99438e-06 6.592e-06 6.18299e-06 5.76775e-06 5.3467e-06 4.92027e-06 4.48888e-06 4.05298e-06 3.61299e-06 3.16937e-06 2.72255e-06 2.27299e-06 1.82115e-06 1.36747e-06 9.12411e-07 4.56435e-07 0 
0 3.01897e-07 1.04777e-06 1.4981e-06 1.96314e-06 2.43488e-06 2.90882e-06 3.38232e-06 3.85376e-06 4.32202e-06 4.78632e-06 5.24601e-06 5.70052e-06 6.14935e-06 6.59202e-06 7.02808e-06 7.45706e-06 7.87854e-06 8.29209e-06 8.69729e-06 9.09373e-06 9.48102e-06 9.85876e-06 1.02266e-05 1.05841e-05 1.0931e-05 1.12668e-05 1.15913e-05 1.19042e-05 1.2205e-05 1.24936e-05 1.27695e-05 1.30327e-05 1.32827e-05 1.35193e-05 1.37423e-05 1.39515e-05 1.41466e-05 1.43275e-05 1.4494e-05 1.46458e-05 1.47829e-05 1.49052e-05 1.50124e-05 1.51045e-05 1.51814e-05 1.5243e-05 1.52893e-05 1.53201e-05 1.53356e-05 1.53356e-05 1.53201e-05 1.52893e-05 1.5243e-05 1.51814e-05 1.51045e-05 1.50124e-05 1.49052e-05 1.47829e-05 1.46458e-05 1.4494e-05 1.43275e-05 1.41466e-05 1.39515e-05 1.37423e-05 1.35193e-05 1.32827e-05 1.30327e-05 1.27695e-05 1.24936e-05 1.2205e-05 1.19042e-05 1.15913e-05 1.12668e-05 1.0931e-05 1.05841e-05 1.02266e-05 9.85876e-06 9.48102e-06 9.09373e-06 8.69728e-06 8.29208e-06 7.87853e-06 7.45705e-06 7.02805e-06 6.59198e-06 6.14928e-06 5.70038e-06 5.24574e-06 4.78582e-06 4.32108e-06 3.85198e-06 3.37901e-06 2.90264e-06 2.42335e-06 1.94161e-06 1.45792e-06 9.72765e-07 4.86627e-07 0 
0 3.20325e-07 1.11172e-06 1.58954e-06 2.08296e-06 2.5835e-06 3.08637e-06 3.58878e-06 4.08898e-06 4.58583e-06 5.07847e-06 5.56622e-06 6.04847e-06 6.5247e-06 6.99439e-06 7.45706e-06 7.91223e-06 8.35943e-06 8.79822e-06 9.22816e-06 9.6488e-06 1.00597e-05 1.04605e-05 1.08508e-05 1.12301e-05 1.15982e-05 1.19545e-05 1.22988e-05 1.26308e-05 1.295e-05 1.32562e-05 1.3549e-05 1.38282e-05 1.40934e-05 1.43445e-05 1.45811e-05 1.48031e-05 1.50101e-05 1.5202e-05 1.53786e-05 1.55398e-05 1.56853e-05 1.5815e-05 1.59287e-05 1.60265e-05 1.6108e-05 1.61734e-05 1.62225e-05 1.62553e-05 1.62716e-05 1.62716e-05 1.62553e-05 1.62225e-05 1.61734e-05 1.6108e-05 1.60265e-05 1.59287e-05 1.5815e-05 1.56853e-05 1.55398e-05 1.53786e-05 1.5202e-05 1.50101e-05 1.48031e-05 1.45811e-05 1.43445e-05 1.40934e-05 1.38282e-05 1.3549e-05 1.32562e-05 1.295e-05 1.26308e-05 1.22988e-05 1.19545e-05 1.15982e-05 1.12301e-05 1.08508e-05 1.04605e-05 1.00597e-05 9.6488e-06 9.22815e-06 8.79822e-06 8.35942e-06 7.91221e-06 7.45703e-06 6.99435e-06 6.52462e-06 6.04832e-06 5.56593e-06 5.07793e-06 4.58483e-06 4.0871e-06 3.58526e-06 3.07982e-06 2.57127e-06 2.06013e-06 1.54691e-06 1.03214e-06 5.1633e-07 0 
0 3.3843e-07 1.17456e-06 1.67939e-06 2.20069e-06 2.72952e-06 3.26081e-06 3.79162e-06 4.3201e-06 4.84503e-06 5.36551e-06 5.88082e-06 6.39034e-06 6.89348e-06 7.38972e-06 7.87854e-06 8.35943e-06 8.83191e-06 9.29551e-06 9.74974e-06 1.01942e-05 1.06283e-05 1.10518e-05 1.14641e-05 1.18649e-05 1.22537e-05 1.26302e-05 1.2994e-05 1.33447e-05 1.36819e-05 1.40054e-05 1.43148e-05 1.46097e-05 1.489e-05 1.51553e-05 1.54053e-05 1.56397e-05 1.58585e-05 1.60613e-05 1.62479e-05 1.64181e-05 1.65718e-05 1.67088e-05 1.6829e-05 1.69323e-05 1.70185e-05 1.70875e-05 1.71394e-05 1.7174e-05 1.71913e-05 1.71913e-05 1.7174e-05 1.71394e-05 1.70875e-05 1.70185e-05 1.69323e-05 1.6829e-05 1.67088e-05 1.65718e-05 1.64181e-05 1.62479e-05 1.60613e-05 1.58585e-05 1.56397e-05 1.54053e-05 1.51553e-05 1.489e-05 1.46097e-05 1.43148e-05 1.40054e-05 1.36819e-05 1.33447e-05 1.2994e-05 1.26302e-05 1.22537e-05 1.18649e-05 1.14641e-05 1.10518e-05 1.06283e-05 1.01942e-05 9.74974e-06 9.2955e-06 8.83191e-06 8.35942e-06 7.87851e-06 7.38967e-06 6.89339e-06 6.39017e-06 5.88052e-06 5.36494e-06 4.84397e-06 4.31811e-06 3.78791e-06 3.25389e-06 2.7166e-06 2.17657e-06 1.63434e-06 1.09048e-06 5.45514e-07 0 
0 3.56194e-07 1.23621e-06 1.76754e-06 2.31621e-06 2.8728e-06 3.43198e-06 3.99064e-06 4.54686e-06 5.09935e-06 5.64715e-06 6.18951e-06 6.72577e-06 7.25532e-06 7.77761e-06 8.29209e-06 8.79822e-06 9.29551e-06 9.78343e-06 1.02615e-05 1.07293e-05 1.11862e-05 1.16319e-05 1.20658e-05 1.24877e-05 1.28969e-05 1.32932e-05 1.3676e-05 1.40451e-05 1.44001e-05 1.47406e-05 1.50662e-05 1.53766e-05 1.56716e-05 1.59508e-05 1.62139e-05 1.64607e-05 1.66909e-05 1.69043e-05 1.71007e-05 1.72799e-05 1.74417e-05 1.75859e-05 1.77124e-05 1.78211e-05 1.79118e-05 1.79845e-05 1.80391e-05 1.80755e-05 1.80937e-05 1.80937e-05 1.80755e-05 1.80391e-05 1.79845e-05 1.79118e-05 1.78211e-05 1.77124e-05 1.75859e-05 1.74417e-05 1.72799e-05 1.71007e-05 1.69043e-05 1.66909e-05 1.64607e-05 1.62139e-05 1.59508e-05 1.56716e-05 1.53766e-05 1.50662e-05 1.47406e-05 1.44001e-05 1.40451e-05 1.3676e-05 1.32932e-05 1.28969e-05 1.24877e-05 1.20658e-05 1.16319e-05 1.11862e-05 1.07293e-05 1.02615e-05 9.78343e-06 9.2955e-06 8.79821e-06 8.29206e-06 7.77756e-06 7.25523e-06 6.7256e-06 6.18919e-06 5.64655e-06 5.09823e-06 4.54477e-06 3.98674e-06 3.42469e-06 2.85919e-06 2.29081e-06 1.72013e-06 1.14772e-06 5.74148e-07 0 
0 3.736e-07 1.29662e-06 1.85391e-06 2.42939e-06 3.01318e-06 3.59968e-06 4.18565e-06 4.76905e-06 5.34853e-06 5.92311e-06 6.49197e-06 7.05443e-06 7.60986e-06 8.15767e-06 8.69729e-06 9.22816e-06 9.74974e-06 1.02615e-05 1.07629e-05 1.12535e-05 1.17328e-05 1.22003e-05 1.26554e-05 1.30979e-05 1.35271e-05 1.39427e-05 1.43443e-05 1.47315e-05 1.51038e-05 1.54609e-05 1.58024e-05 1.6128e-05 1.64374e-05 1.67302e-05 1.70062e-05 1.72651e-05 1.75065e-05 1.77304e-05 1.79364e-05 1.81243e-05 1.8294e-05 1.84452e-05 1.85779e-05 1.86919e-05 1.87871e-05 1.88633e-05 1.89206e-05 1.89588e-05 1.89779e-05 1.89779e-05 1.89588e-05 1.89206e-05 1.88633e-05 1.87871e-05 1.86919e-05 1.85779e-05 1.84452e-05 1.8294e-05 1.81243e-05 1.79364e-05 1.77304e-05 1.75065e-05 1.72651e-05 1.70062e-05 1.67302e-05 1.64374e-05 1.6128e-05 1.58024e-05 1.54609e-05 1.51038e-05 1.47315e-05 1.43443e-05 1.39427e-05 1.35271e-05 1.30979e-05 1.26554e-05 1.22003e-05 1.17328e-05 1.12535e-05 1.07629e-05 1.02615e-05 9.74973e-06 9.22814e-06 8.69726e-06 8.15762e-06 7.60977e-06 7.05425e-06 6.49163e-06 5.92248e-06 5.34736e-06 4.76685e-06 4.18155e-06 3.59204e-06 2.99891e-06 2.40276e-06 1.80419e-06 1.2038e-06 6.02204e-07 0 
0 3.9063e-07 1.35572e-06 1.93842e-06 2.54013e-06 3.15053e-06 3.76376e-06 4.37644e-06 4.98643e-06 5.59233e-06 6.1931e-06 6.78789e-06 7.37599e-06 7.95674e-06 8.52952e-06 9.09373e-06 9.6488e-06 1.01942e-05 1.07293e-05 1.12535e-05 1.17665e-05 1.22676e-05 1.27564e-05 1.32323e-05 1.36949e-05 1.41437e-05 1.45783e-05 1.49982e-05 1.5403e-05 1.57922e-05 1.61656e-05 1.65227e-05 1.68632e-05 1.71866e-05 1.74928e-05 1.77814e-05 1.8052e-05 1.83045e-05 1.85386e-05 1.87539e-05 1.89504e-05 1.91279e-05 1.9286e-05 1.94248e-05 1.95439e-05 1.96434e-05 1.97232e-05 1.9783e-05 1.9823e-05 1.98429e-05 1.98429e-05 1.9823e-05 1.9783e-05 1.97232e-05 1.96434e-05 1.95439e-05 1.94248e-05 1.9286e-05 1.91279e-05 1.89504e-05 1.87539e-05 1.85386e-05 1.83045e-05 1.8052e-05 1.77814e-05 1.74928e-05 1.71866e-05 1.68632e-05 1.65227e-05 1.61656e-05 1.57922e-05 1.5403e-05 1.49982e-05 1.45783e-05 1.41437e-05 1.36949e-05 1.32323e-05 1.27564e-05 1.22676e-05 1.17665e-05 1.12535e-05 1.07292e-05 1.01941e-05 9.64878e-06 9.0937e-06 8.52946e-06 7.95664e-06 7.3758e-06 6.78754e-06 6.19244e-06 5.5911e-06 4.98414e-06 4.37216e-06 3.75577e-06 3.13561e-06 2.51228e-06 1.88643e-06 1.25867e-06 6.29654e-07 0 
0 4.07266e-07 1.41346e-06 2.02097e-06 2.64831e-06 3.2847e-06 3.92406e-06 4.56282e-06 5.1988e-06 5.8305e-06 6.45685e-06 7.07697e-06 7.69012e-06 8.2956e-06 8.89278e-06 9.48102e-06 1.00597e-05 1.06283e-05 1.11862e-05 1.17328e-05 1.22676e-05 1.27901e-05 1.32997e-05 1.37959e-05 1.42782e-05 1.47461e-05 1.51992e-05 1.56369e-05 1.60589e-05 1.64648e-05 1.68541e-05 1.72264e-05 1.75813e-05 1.79186e-05 1.82378e-05 1.85387e-05 1.88208e-05 1.90841e-05 1.93281e-05 1.95526e-05 1.97575e-05 1.99425e-05 2.01074e-05 2.0252e-05 2.03763e-05 2.048e-05 2.05631e-05 2.06255e-05 2.06672e-05 2.0688e-05 2.0688e-05 2.06672e-05 2.06255e-05 2.05631e-05 2.048e-05 2.03763e-05 2.0252e-05 2.01074e-05 1.99425e-05 1.97575e-05 1.95526e-05 1.93281e-05 1.90841e-05 1.88208e-05 1.85387e-05 1.82378e-05 1.79186e-05 1.75813e-05 1.72264e-05 1.68541e-05 1.64648e-05 1.60589e-05 1.56369e-05 1.51992e-05 1.47461e-05 1.42782e-05 1.37959e-05 1.32997e-05 1.27901e-05 1.22676e-05 1.17328e-05 1.11862e-05 1.06283e-05 1.00597e-05 9.48099e-06 8.89272e-06 8.2955e-06 7.68992e-06 7.07661e-06 6.45616e-06 5.82922e-06 5.19641e-06 4.55836e-06 3.91572e-06 3.26915e-06 2.61928e-06 1.96677e-06 1.31228e-06 6.5647e-07 0 
0 4.23492e-07 1.46977e-06 2.10149e-06 2.75383e-06 3.41557e-06 4.0804e-06 4.74462e-06 5.40593e-06 6.0628e-06 6.7141e-06 7.35893e-06 7.99651e-06 8.62612e-06 9.24708e-06 9.85876e-06 1.04605e-05 1.10518e-05 1.16319e-05 1.22003e-05 1.27564e-05 1.32997e-05 1.38296e-05 1.43455e-05 1.4847e-05 1.53336e-05 1.58047e-05 1.62599e-05 1.66988e-05 1.71208e-05 1.75256e-05 1.79127e-05 1.82818e-05 1.86325e-05 1.89644e-05 1.92773e-05 1.95707e-05 1.98444e-05 2.00982e-05 2.03317e-05 2.05447e-05 2.0737e-05 2.09085e-05 2.10589e-05 2.11881e-05 2.1296e-05 2.13824e-05 2.14473e-05 2.14906e-05 2.15123e-05 2.15123e-05 2.14906e-05 2.14473e-05 2.13824e-05 2.1296e-05 2.11881e-05 2.10589e-05 2.09085e-05 2.0737e-05 2.05447e-05 2.03317e-05 2.00982e-05 1.98444e-05 1.95707e-05 1.92773e-05 1.89644e-05 1.86325e-05 1.82818e-05 1.79127e-05 1.75256e-05 1.71208e-05 1.66988e-05 1.62599e-05 1.58047e-05 1.53336e-05 1.4847e-05 1.43455e-05 1.38296e-05 1.32997e-05 1.27564e-05 1.22003e-05 1.16319e-05 1.10518e-05 1.04605e-05 9.85873e-06 9.24702e-06 8.62601e-06 7.99631e-06 7.35855e-06 6.71339e-06 6.06147e-06 5.40344e-06 4.73997e-06 4.07173e-06 3.39939e-06 2.72363e-06 2.04513e-06 1.36456e-06 6.82625e-07 0 
0 4.39292e-07 1.52461e-06 2.17989e-06 2.85657e-06 3.543e-06 4.23263e-06 4.92163e-06 5.60761e-06 6.28899e-06 6.9646e-06 7.63348e-06 8.29485e-06 8.94794e-06 9.59208e-06 1.02266e-05 1.08508e-05 1.14641e-05 1.20658e-05 1.26554e-05 1.32323e-05 1.37959e-05 1.43455e-05 1.48807e-05 1.54009e-05 1.59057e-05 1.63944e-05 1.68666e-05 1.73218e-05 1.77595e-05 1.81794e-05 1.8581e-05 1.89639e-05 1.93277e-05 1.9672e-05 1.99965e-05 2.03009e-05 2.05848e-05 2.0848e-05 2.10902e-05 2.13112e-05 2.15107e-05 2.16886e-05 2.18446e-05 2.19786e-05 2.20905e-05 2.21801e-05 2.22475e-05 2.22924e-05 2.23148e-05 2.23148e-05 2.22924e-05 2.22475e-05 2.21801e-05 2.20905e-05 2.19786e-05 2.18446e-05 2.16886e-05 2.15107e-05 2.13112e-05 2.10902e-05 2.0848e-05 2.05848e-05 2.03009e-05 1.99965e-05 1.9672e-05 1.93277e-05 1.89639e-05 1.8581e-05 1.81794e-05 1.77595e-05 1.73218e-05 1.68666e-05 1.63944e-05 1.59057e-05 1.54009e-05 1.48807e-05 1.43455e-05 1.37959e-05 1.32323e-05 1.26554e-05 1.20658e-05 1.14641e-05 1.08508e-05 1.02265e-05 9.59202e-06 8.94783e-06 8.29463e-06 7.63309e-06 6.96386e-06 6.28761e-06 5.60503e-06 4.91681e-06 4.22364e-06 3.52622e-06 2.82525e-06 2.12143e-06 1.41547e-06 7.08093e-07 0 
0 4.54649e-07 1.57791e-06 2.2561e-06 2.95643e-06 3.66686e-06 4.3806e-06 5.09369e-06 5.80365e-06 6.50885e-06 7.20808e-06 7.90035e-06 8.58483e-06 9.26076e-06 9.92741e-06 1.05841e-05 1.12301e-05 1.18649e-05 1.24877e-05 1.30979e-05 1.36949e-05 1.42782e-05 1.4847e-05 1.54009e-05 1.59394e-05 1.64617e-05 1.69675e-05 1.74562e-05 1.79273e-05 1.83804e-05 1.8815e-05 1.92306e-05 1.96269e-05 2.00033e-05 2.03597e-05 2.06956e-05 2.10106e-05 2.13044e-05 2.15768e-05 2.18275e-05 2.20562e-05 2.22627e-05 2.24468e-05 2.26083e-05 2.2747e-05 2.28628e-05 2.29556e-05 2.30252e-05 2.30717e-05 2.3095e-05 2.3095e-05 2.30717e-05 2.30252e-05 2.29556e-05 2.28628e-05 2.2747e-05 2.26083e-05 2.24468e-05 2.22627e-05 2.20562e-05 2.18275e-05 2.15768e-05 2.13044e-05 2.10106e-05 2.06956e-05 2.03597e-05 2.00033e-05 1.96269e-05 1.92306e-05 1.8815e-05 1.83804e-05 1.79273e-05 1.74562e-05 1.69675e-05 1.64617e-05 1.59394e-05 1.54009e-05 1.4847e-05 1.42782e-05 1.36949e-05 1.30979e-05 1.24877e-05 1.18649e-05 1.12301e-05 1.05841e-05 9.92735e-06 9.26064e-06 8.58461e-06 7.89994e-06 7.20731e-06 6.50742e-06 5.80098e-06 5.0887e-06 4.3713e-06 3.6495e-06 2.92402e-06 2.19559e-06 1.46496e-06 7.32848e-07 0 
0 4.69549e-07 1.62962e-06 2.33004e-06 3.05332e-06 3.78703e-06 4.52416e-06 5.26062e-06 5.99385e-06 6.72216e-06 7.4443e-06 8.15926e-06 8.86617e-06 9.56425e-06 1.02528e-05 1.0931e-05 1.15982e-05 1.22537e-05 1.28969e-05 1.35271e-05 1.41437e-05 1.47461e-05 1.53336e-05 1.59057e-05 1.64617e-05 1.70012e-05 1.75236e-05 1.80283e-05 1.85148e-05 1.89828e-05 1.94316e-05 1.98608e-05 2.02701e-05 2.06589e-05 2.10269e-05 2.13738e-05 2.16991e-05 2.20026e-05 2.22839e-05 2.25428e-05 2.2779e-05 2.29923e-05 2.31824e-05 2.33492e-05 2.34924e-05 2.3612e-05 2.37079e-05 2.37798e-05 2.38278e-05 2.38518e-05 2.38518e-05 2.38278e-05 2.37798e-05 2.37079e-05 2.3612e-05 2.34924e-05 2.33492e-05 2.31824e-05 2.29923e-05 2.2779e-05 2.25428e-05 2.22839e-05 2.20026e-05 2.16991e-05 2.13738e-05 2.10269e-05 2.06589e-05 2.02701e-05 1.98608e-05 1.94316e-05 1.89828e-05 1.85148e-05 1.80283e-05 1.75236e-05 1.70012e-05 1.64617e-05 1.59057e-05 1.53336e-05 1.47461e-05 1.41437e-05 1.35271e-05 1.28969e-05 1.22537e-05 1.15981e-05 1.09309e-05 1.02527e-05 9.56413e-06 8.86595e-06 8.15883e-06 7.44351e-06 6.72068e-06 5.99109e-06 5.25547e-06 4.51456e-06 3.7691e-06 3.01984e-06 2.26755e-06 1.51297e-06 7.56865e-07 0 
0 4.83976e-07 1.67969e-06 2.40163e-06 3.14713e-06 3.90339e-06 4.66317e-06 5.42225e-06 6.17801e-06 6.9287e-06 7.67302e-06 8.40995e-06 9.13859e-06 9.85811e-06 1.05678e-05 1.12668e-05 1.19545e-05 1.26302e-05 1.32932e-05 1.39427e-05 1.45783e-05 1.51992e-05 1.58047e-05 1.63944e-05 1.69675e-05 1.75236e-05 1.8062e-05 1.85822e-05 1.90837e-05 1.9566e-05 2.00286e-05 2.0471e-05 2.08929e-05 2.12936e-05 2.1673e-05 2.20305e-05 2.23658e-05 2.26786e-05 2.29686e-05 2.32355e-05 2.34789e-05 2.36987e-05 2.38947e-05 2.40666e-05 2.42142e-05 2.43375e-05 2.44363e-05 2.45104e-05 2.45599e-05 2.45847e-05 2.45847e-05 2.45599e-05 2.45104e-05 2.44363e-05 2.43375e-05 2.42142e-05 2.40666e-05 2.38947e-05 2.36987e-05 2.34789e-05 2.32355e-05 2.29686e-05 2.26786e-05 2.23658e-05 2.20305e-05 2.1673e-05 2.12936e-05 2.08929e-05 2.0471e-05 2.00286e-05 1.9566e-05 1.90837e-05 1.85822e-05 1.8062e-05 1.75236e-05 1.69675e-05 1.63944e-05 1.58047e-05 1.51992e-05 1.45783e-05 1.39427e-05 1.32932e-05 1.26302e-05 1.19545e-05 1.12668e-05 1.05677e-05 9.85799e-06 9.13835e-06 8.40951e-06 7.67221e-06 6.92718e-06 6.17517e-06 5.41695e-06 4.65327e-06 3.8849e-06 3.11263e-06 2.33722e-06 1.55945e-06 7.80119e-07 0 
0 4.97916e-07 1.72807e-06 2.4708e-06 3.23778e-06 4.01581e-06 4.79748e-06 5.57842e-06 6.35595e-06 7.12826e-06 7.89402e-06 8.65218e-06 9.4018e-06 1.0142e-05 1.08721e-05 1.15913e-05 1.22988e-05 1.2994e-05 1.3676e-05 1.43443e-05 1.49982e-05 1.56369e-05 1.62599e-05 1.68666e-05 1.74562e-05 1.80283e-05 1.85822e-05 1.91174e-05 1.96334e-05 2.01296e-05 2.06055e-05 2.10606e-05 2.14946e-05 2.19069e-05 2.22972e-05 2.2665e-05 2.301e-05 2.33318e-05 2.36302e-05 2.39047e-05 2.41552e-05 2.43813e-05 2.45829e-05 2.47597e-05 2.49117e-05 2.50385e-05 2.51401e-05 2.52164e-05 2.52673e-05 2.52928e-05 2.52928e-05 2.52673e-05 2.52164e-05 2.51401e-05 2.50385e-05 2.49117e-05 2.47597e-05 2.45829e-05 2.43813e-05 2.41552e-05 2.39047e-05 2.36302e-05 2.33318e-05 2.301e-05 2.2665e-05 2.22972e-05 2.19069e-05 2.14946e-05 2.10606e-05 2.06055e-05 2.01296e-05 1.96334e-05 1.91174e-05 1.85822e-05 1.80283e-05 1.74562e-05 1.68666e-05 1.62599e-05 1.56369e-05 1.49982e-05 1.43443e-05 1.3676e-05 1.2994e-05 1.22988e-05 1.15913e-05 1.08721e-05 1.01419e-05 9.40156e-06 8.65173e-06 7.89318e-06 7.12669e-06 6.35303e-06 5.57297e-06 4.78729e-06 3.9968e-06 3.20228e-06 2.40453e-06 1.60437e-06 8.02588e-07 0 
0 5.11354e-07 1.77471e-06 2.53748e-06 3.32516e-06 4.1242e-06 4.92696e-06 5.72898e-06 6.52749e-06 7.32064e-06 8.10707e-06 8.88569e-06 9.65554e-06 1.04158e-05 1.11656e-05 1.19042e-05 1.26308e-05 1.33447e-05 1.40451e-05 1.47315e-05 1.5403e-05 1.60589e-05 1.66988e-05 1.73218e-05 1.79273e-05 1.85148e-05 1.90837e-05 1.96334e-05 2.01633e-05 2.06728e-05 2.11616e-05 2.16291e-05 2.20747e-05 2.24982e-05 2.2899e-05 2.32767e-05 2.3631e-05 2.39615e-05 2.42679e-05 2.45499e-05 2.48071e-05 2.50393e-05 2.52464e-05 2.5428e-05 2.5584e-05 2.57142e-05 2.58186e-05 2.5897e-05 2.59492e-05 2.59754e-05 2.59754e-05 2.59492e-05 2.5897e-05 2.58186e-05 2.57142e-05 2.5584e-05 2.5428e-05 2.52464e-05 2.50393e-05 2.48071e-05 2.45499e-05 2.42679e-05 2.39615e-05 2.3631e-05 2.32767e-05 2.2899e-05 2.24982e-05 2.20747e-05 2.16291e-05 2.11616e-05 2.06728e-05 2.01633e-05 1.96334e-05 1.90837e-05 1.85148e-05 1.79273e-05 1.73218e-05 1.66988e-05 1.60589e-05 1.5403e-05 1.47315e-05 1.40451e-05 1.33447e-05 1.26307e-05 1.19041e-05 1.11655e-05 1.04156e-05 9.6553e-06 8.88523e-06 8.10621e-06 7.31904e-06 6.52449e-06 5.72337e-06 4.9165e-06 4.10467e-06 3.2887e-06 2.46943e-06 1.64767e-06 8.24249e-07 0 
0 5.24277e-07 1.81956e-06 2.60161e-06 3.4092e-06 4.22843e-06 5.05148e-06 5.87377e-06 6.69246e-06 7.50566e-06 8.31196e-06 9.11025e-06 9.89956e-06 1.0679e-05 1.14478e-05 1.2205e-05 1.295e-05 1.36819e-05 1.44001e-05 1.51038e-05 1.57922e-05 1.64648e-05 1.71208e-05 1.77595e-05 1.83804e-05 1.89828e-05 1.9566e-05 2.01296e-05 2.06728e-05 2.11953e-05 2.16964e-05 2.21757e-05 2.26326e-05 2.30668e-05 2.34777e-05 2.3865e-05 2.42282e-05 2.45671e-05 2.48812e-05 2.51703e-05 2.5434e-05 2.56721e-05 2.58844e-05 2.60706e-05 2.62306e-05 2.63641e-05 2.64711e-05 2.65514e-05 2.66051e-05 2.66319e-05 2.66319e-05 2.66051e-05 2.65514e-05 2.64711e-05 2.63641e-05 2.62306e-05 2.60706e-05 2.58844e-05 2.56721e-05 2.5434e-05 2.51703e-05 2.48812e-05 2.45671e-05 2.42282e-05 2.3865e-05 2.34777e-05 2.30668e-05 2.26326e-05 2.21757e-05 2.16964e-05 2.11953e-05 2.06728e-05 2.01296e-05 1.9566e-05 1.89828e-05 1.83804e-05 1.77595e-05 1.71208e-05 1.64648e-05 1.57922e-05 1.51038e-05 1.44001e-05 1.36819e-05 1.295e-05 1.2205e-05 1.14477e-05 1.06789e-05 9.89931e-06 9.10978e-06 8.31108e-06 7.50401e-06 6.68938e-06 5.86802e-06 5.04075e-06 4.2084e-06 3.37182e-06 2.53184e-06 1.68931e-06 8.45081e-07 0 
0 5.36673e-07 1.86258e-06 2.66312e-06 3.4898e-06 4.3284e-06 5.17091e-06 6.01264e-06 6.85069e-06 7.68311e-06 8.50848e-06 9.32565e-06 1.01336e-05 1.09315e-05 1.17184e-05 1.24936e-05 1.32562e-05 1.40054e-05 1.47406e-05 1.54609e-05 1.61656e-05 1.68541e-05 1.75256e-05 1.81794e-05 1.8815e-05 1.94316e-05 2.00286e-05 2.06055e-05 2.11616e-05 2.16964e-05 2.22094e-05 2.27e-05 2.31677e-05 2.36121e-05 2.40328e-05 2.44292e-05 2.48011e-05 2.51479e-05 2.54695e-05 2.57654e-05 2.60354e-05 2.62791e-05 2.64964e-05 2.6687e-05 2.68507e-05 2.69874e-05 2.7097e-05 2.71792e-05 2.72341e-05 2.72615e-05 2.72615e-05 2.72341e-05 2.71792e-05 2.7097e-05 2.69874e-05 2.68507e-05 2.6687e-05 2.64964e-05 2.62791e-05 2.60354e-05 2.57654e-05 2.54695e-05 2.51479e-05 2.48011e-05 2.44292e-05 2.40328e-05 2.36121e-05 2.31677e-05 2.27e-05 2.22094e-05 2.16964e-05 2.11616e-05 2.06055e-05 2.00286e-05 1.94316e-05 1.8815e-05 1.81794e-05 1.75256e-05 1.68541e-05 1.61656e-05 1.54609e-05 1.47405e-05 1.40054e-05 1.32561e-05 1.24935e-05 1.17183e-05 1.09314e-05 1.01334e-05 9.32516e-06 8.50758e-06 7.68143e-06 6.84754e-06 6.00676e-06 5.15993e-06 4.3079e-06 3.45154e-06 2.5917e-06 1.72925e-06 8.65061e-07 0 
0 5.48528e-07 1.90372e-06 2.72195e-06 3.56689e-06 4.42401e-06 5.28513e-06 6.14546e-06 7.00202e-06 7.85283e-06 8.69643e-06 9.53165e-06 1.03575e-05 1.1173e-05 1.19773e-05 1.27695e-05 1.3549e-05 1.43148e-05 1.50662e-05 1.58024e-05 1.65227e-05 1.72264e-05 1.79127e-05 1.8581e-05 1.92306e-05 1.98608e-05 2.0471e-05 2.10606e-05 2.16291e-05 2.21757e-05 2.27e-05 2.32014e-05 2.36795e-05 2.41337e-05 2.45637e-05 2.49689e-05 2.53489e-05 2.57035e-05 2.60321e-05 2.63346e-05 2.66105e-05 2.68596e-05 2.70817e-05 2.72765e-05 2.74439e-05 2.75836e-05 2.76955e-05 2.77796e-05 2.78357e-05 2.78637e-05 2.78637e-05 2.78357e-05 2.77796e-05 2.76955e-05 2.75836e-05 2.74439e-05 2.72765e-05 2.70817e-05 2.68596e-05 2.66105e-05 2.63346e-05 2.60321e-05 2.57035e-05 2.53489e-05 2.49689e-05 2.45637e-05 2.41337e-05 2.36795e-05 2.32014e-05 2.27e-05 2.21757e-05 2.16291e-05 2.10606e-05 2.0471e-05 1.98608e-05 1.92306e-05 1.8581e-05 1.79127e-05 1.72264e-05 1.65227e-05 1.58024e-05 1.50662e-05 1.43148e-05 1.3549e-05 1.27695e-05 1.19772e-05 1.11728e-05 1.03572e-05 9.53116e-06 8.69551e-06 7.85111e-06 6.9988e-06 6.13945e-06 5.27391e-06 4.40306e-06 3.52778e-06 2.64895e-06 1.76745e-06 8.8417e-07 0 
0 5.5983e-07 1.94295e-06 2.77804e-06 3.64039e-06 4.51517e-06 5.39404e-06 6.27209e-06 7.1463e-06 8.01464e-06 8.87563e-06 9.72806e-06 1.05709e-05 1.14032e-05 1.22241e-05 1.30327e-05 1.38282e-05 1.46097e-05 1.53766e-05 1.6128e-05 1.68632e-05 1.75813e-05 1.82818e-05 1.89639e-05 1.96269e-05 2.02701e-05 2.08929e-05 2.14946e-05 2.20747e-05 2.26326e-05 2.31677e-05 2.36795e-05 2.41674e-05 2.4631e-05 2.50698e-05 2.54834e-05 2.58713e-05 2.62331e-05 2.65685e-05 2.68772e-05 2.71588e-05 2.74131e-05 2.76397e-05 2.78386e-05 2.80094e-05 2.8152e-05 2.82662e-05 2.8352e-05 2.84092e-05 2.84379e-05 2.84379e-05 2.84092e-05 2.8352e-05 2.82662e-05 2.8152e-05 2.80094e-05 2.78386e-05 2.76397e-05 2.74131e-05 2.71588e-05 2.68772e-05 2.65685e-05 2.62331e-05 2.58713e-05 2.54834e-05 2.50698e-05 2.4631e-05 2.41674e-05 2.36795e-05 2.31677e-05 2.26326e-05 2.20747e-05 2.14946e-05 2.08929e-05 2.02701e-05 1.96269e-05 1.89639e-05 1.82818e-05 1.75813e-05 1.68632e-05 1.6128e-05 1.53766e-05 1.46097e-05 1.38281e-05 1.30326e-05 1.2224e-05 1.1403e-05 1.05706e-05 9.72755e-06 8.87468e-06 8.01288e-06 7.14301e-06 6.26595e-06 5.38258e-06 4.49379e-06 3.60047e-06 2.70353e-06 1.80387e-06 9.02389e-07 0 
0 5.70569e-07 1.98022e-06 2.83133e-06 3.71022e-06 4.60178e-06 5.49751e-06 6.3924e-06 7.28339e-06 8.16839e-06 9.04589e-06 9.91467e-06 1.07737e-05 1.16219e-05 1.24586e-05 1.32827e-05 1.40934e-05 1.489e-05 1.56716e-05 1.64374e-05 1.71866e-05 1.79186e-05 1.86325e-05 1.93277e-05 2.00033e-05 2.06589e-05 2.12936e-05 2.19069e-05 2.24982e-05 2.30668e-05 2.36121e-05 2.41337e-05 2.4631e-05 2.51035e-05 2.55507e-05 2.59722e-05 2.63675e-05 2.67363e-05 2.70782e-05 2.73928e-05 2.76798e-05 2.79389e-05 2.81699e-05 2.83726e-05 2.85467e-05 2.8692e-05 2.88084e-05 2.88959e-05 2.89542e-05 2.89834e-05 2.89834e-05 2.89542e-05 2.88959e-05 2.88084e-05 2.8692e-05 2.85467e-05 2.83726e-05 2.81699e-05 2.79389e-05 2.76798e-05 2.73928e-05 2.70782e-05 2.67363e-05 2.63675e-05 2.59722e-05 2.55507e-05 2.51035e-05 2.4631e-05 2.41337e-05 2.36121e-05 2.30668e-05 2.24982e-05 2.19069e-05 2.12936e-05 2.06589e-05 2.00033e-05 1.93277e-05 1.86325e-05 1.79186e-05 1.71866e-05 1.64374e-05 1.56716e-05 1.489e-05 1.40934e-05 1.32826e-05 1.24585e-05 1.16218e-05 1.07734e-05 9.91415e-06 9.04492e-06 8.16659e-06 7.28004e-06 6.38615e-06 5.48583e-06 4.57999e-06 3.66954e-06 2.75539e-06 1.83847e-06 9.19699e-07 0 
