0 0 0 0 0 0 0 0 0 0 0 0 0 0 0 0 0 0 0 0 0 0 0 0 0 0 0 0 0 0 0 0 0 0 0 0 0 0 0 0 0 0 0 0 0 0 0 0 0 0 0 0 0 0 0 0 0 0 0 0 0 0 0 0 0 0 0 0 0 0 0 0 0 0 0 0 0 0 0 0 0 0 0 0 0 0 0 0 0 0 0 0 0 0 0 0 0 0 0 0 
0 3.69218e-07 7.35297e-07 1.09737e-06 1.46058e-06 1.82279e-06 2.18327e-06 2.54157e-06 2.89732e-06 3.25015e-06 3.59972e-06 3.94565e-06 4.28761e-06 4.62526e-06 4.95825e-06 5.28624e-06 5.60892e-06 5.92594e-06 6.237e-06 6.54178e-06 6.83997e-06 7.13127e-06 7.4154e-06 7.69206e-06 7.96097e-06 8.22186e-06 8.47448e-06 8.71856e-06 8.95387e-06 9.18016e-06 9.3972e-06 9.60479e-06 9.8027e-06 9.99074e-06 1.01687e-05 1.03365e-05 1.04938e-05 1.06406e-05 1.07766e-05 1.09018e-05 1.1016e-05 1.11192e-05 1.12111e-05 1.12918e-05 1.1361e-05 1.14189e-05 1.14652e-05 1.15e-05 1.15232e-05 1.15349e-05 1.15349e-05 1.15232e-05 1.15e-05 1.14652e-05 1.14189e-05 1.1361e-05 1.12918e-05 1.12111e-05 1.11192e-05 1.1016e-05 1.09018e-05 1.07766e-05 1.06406e-05 1.04938e-05 1.03365e-05 1.01687e-05 9.99074e-06 9.8027e-06 9.60479e-06 9.3972e-06 9.18016e-06 8.95387e-06 8.71856e-06 8.47448e-06 8.22186e-06 7.96097e-06 7.69206e-06 7.4154e-06 7.13127e-06 6.83997e-06 6.54178e-06 6.237e-06 5.92594e-06 5.60892e-06 5.28624e-06 4.95825e-06 4.62526e-06 4.28761e-06 3.94565e-06 3.59972e-06 3.25015e-06 2.89732e-06 2.54157e-06 2.18326e-06 1.82275e-06 1.46041e-06 1.0966e-06 7.31678e-07 3.66023e-07 0 
0 7.09056e-07 1.41209e-06 2.10743e-06 2.80493e-06 3.50054e-06 4.19281e-06 4.88091e-06 5.5641e-06 6.24169e-06 6.913e-06 7.57734e-06 8.23406e-06 8.88248e-06 9.52196e-06 1.01519e-05 1.07715e-05 1.13804e-05 1.19777e-05 1.2563e-05 1.31357e-05 1.36951e-05 1.42407e-05 1.4772e-05 1.52885e-05 1.57895e-05 1.62746e-05 1.67434e-05 1.71953e-05 1.76298e-05 1.80467e-05 1.84453e-05 1.88254e-05 1.91865e-05 1.95283e-05 1.98504e-05 2.01526e-05 2.04344e-05 2.06957e-05 2.09362e-05 2.11555e-05 2.13536e-05 2.15302e-05 2.1685e-05 2.18181e-05 2.19292e-05 2.20182e-05 2.2085e-05 2.21296e-05 2.21519e-05 2.21519e-05 2.21296e-05 2.2085e-05 2.20182e-05 2.19292e-05 2.18181e-05 2.1685e-05 2.15302e-05 2.13536e-05 2.11555e-05 2.09362e-05 2.06957e-05 2.04345e-05 2.01526e-05 1.98504e-05 1.95283e-05 1.91865e-05 1.88254e-05 1.84453e-05 1.80467e-05 1.76298e-05 1.71953e-05 1.67434e-05 1.62746e-05 1.57895e-05 1.52885e-05 1.4772e-05 1.42407e-05 1.36951e-05 1.31357e-05 1.2563e-05 1.19777e-05 1.13804e-05 1.07715e-05 1.01519e-05 9.52196e-06 8.88248e-06 8.23406e-06 7.57734e-06 6.913e-06 6.24169e-06 5.5641e-06 4.88091e-06 4.1928e-06 3.50047e-06 2.80461e-06 2.10593e-06 1.40514e-06 7.02922e-07 0 
0 1.05821e-06 2.10743e-06 3.14517e-06 4.18615e-06 5.22428e-06 6.25745e-06 7.28438e-06 8.30399e-06 9.31524e-06 1.03171e-05 1.13086e-05 1.22887e-05 1.32564e-05 1.42108e-05 1.51509e-05 1.60757e-05 1.69843e-05 1.78758e-05 1.87493e-05 1.9604e-05 2.04389e-05 2.12532e-05 2.20461e-05 2.28169e-05 2.35646e-05 2.42886e-05 2.49882e-05 2.56626e-05 2.63112e-05 2.69332e-05 2.75282e-05 2.80954e-05 2.86344e-05 2.91445e-05 2.96253e-05 3.00762e-05 3.04968e-05 3.08868e-05 3.12456e-05 3.1573e-05 3.18686e-05 3.21321e-05 3.23633e-05 3.25618e-05 3.27276e-05 3.28604e-05 3.29601e-05 3.30267e-05 3.306e-05 3.306e-05 3.30267e-05 3.29601e-05 3.28604e-05 3.27276e-05 3.25618e-05 3.23633e-05 3.21321e-05 3.18686e-05 3.1573e-05 3.12456e-05 3.08868e-05 3.04968e-05 3.00762e-05 2.96253e-05 2.91445e-05 2.86344e-05 2.80954e-05 2.75282e-05 2.69332e-05 2.63112e-05 2.56626e-05 2.49882e-05 2.42886e-05 2.35646e-05 2.28169e-05 2.20461e-05 2.12532e-05 2.04389e-05 1.9604e-05 1.87493e-05 1.78758e-05 1.69843e-05 1.60757e-05 1.51509e-05 1.42108e-05 1.32564e-05 1.22887e-05 1.13086e-05 1.03171e-05 9.31524e-06 8.30399e-06 7.28438e-06 6.25743e-06 5.22418e-06 4.18567e-06 3.14295e-06 2.09706e-06 1.04906e-06 0 
0 1.40845e-06 2.80494e-06 4.18615e-06 5.57166e-06 6.95339e-06 8.32852e-06 9.69534e-06 1.10524e-05 1.23984e-05 1.37318e-05 1.50515e-05 1.6356e-05 1.7644e-05 1.89142e-05 2.01654e-05 2.13963e-05 2.26057e-05 2.37923e-05 2.49549e-05 2.60924e-05 2.72037e-05 2.82875e-05 2.93429e-05 3.03687e-05 3.13639e-05 3.23276e-05 3.32587e-05 3.41563e-05 3.50195e-05 3.58475e-05 3.66394e-05 3.73943e-05 3.81117e-05 3.87906e-05 3.94305e-05 4.00307e-05 4.05906e-05 4.11096e-05 4.15872e-05 4.20229e-05 4.24163e-05 4.27671e-05 4.30747e-05 4.3339e-05 4.35596e-05 4.37364e-05 4.38692e-05 4.39577e-05 4.4002e-05 4.4002e-05 4.39577e-05 4.38692e-05 4.37364e-05 4.35596e-05 4.3339e-05 4.30747e-05 4.27671e-05 4.24163e-05 4.20229e-05 4.15872e-05 4.11096e-05 4.05906e-05 4.00307e-05 3.94305e-05 3.87906e-05 3.81117e-05 3.73943e-05 3.66394e-05 3.58475e-05 3.50195e-05 3.41563e-05 3.32587e-05 3.23276e-05 3.13639e-05 3.03687e-05 2.93429e-05 2.82875e-05 2.72037e-05 2.60924e-05 2.49549e-05 2.37923e-05 2.26057e-05 2.13963e-05 2.01654e-05 1.89142e-05 1.7644e-05 1.6356e-05 1.50515e-05 1.37318e-05 1.23984e-05 1.10524e-05 9.69533e-06 8.32849e-06 6.95326e-06 5.57103e-06 4.18319e-06 2.79113e-06 1.39627e-06 0 
0 1.75774e-06 3.50054e-06 5.22428e-06 6.95339e-06 8.67779e-06 1.03939e-05 1.20997e-05 1.37933e-05 1.54731e-05 1.71372e-05 1.87841e-05 2.04121e-05 2.20196e-05 2.36048e-05 2.51663e-05 2.67025e-05 2.82117e-05 2.96926e-05 3.11436e-05 3.25632e-05 3.395e-05 3.53026e-05 3.66197e-05 3.78999e-05 3.9142e-05 4.03446e-05 4.15066e-05 4.26268e-05 4.37041e-05 4.47374e-05 4.57257e-05 4.66679e-05 4.75631e-05 4.84104e-05 4.9209e-05 4.9958e-05 5.06567e-05 5.13045e-05 5.19005e-05 5.24443e-05 5.29353e-05 5.3373e-05 5.37569e-05 5.40868e-05 5.43621e-05 5.45827e-05 5.47484e-05 5.48589e-05 5.49142e-05 5.49142e-05 5.48589e-05 5.47484e-05 5.45827e-05 5.43621e-05 5.40868e-05 5.37569e-05 5.3373e-05 5.29353e-05 5.24443e-05 5.19005e-05 5.13045e-05 5.06567e-05 4.9958e-05 4.9209e-05 4.84104e-05 4.75631e-05 4.66679e-05 4.57257e-05 4.47374e-05 4.37041e-05 4.26268e-05 4.15066e-05 4.03446e-05 3.9142e-05 3.78999e-05 3.66197e-05 3.53026e-05 3.395e-05 3.25632e-05 3.11436e-05 2.96926e-05 2.82117e-05 2.67025e-05 2.51663e-05 2.36048e-05 2.20196e-05 2.04121e-05 1.87841e-05 1.71372e-05 1.54731e-05 1.37933e-05 1.20997e-05 1.03939e-05 8.67761e-06 6.9526e-06 5.22059e-06 3.48331e-06 1.74253e-06 0 
0 2.10536e-06 4.19282e-06 6.25745e-06 8.32852e-06 1.03939e-05 1.24495e-05 1.44926e-05 1.65211e-05 1.85331e-05 2.05263e-05 2.24989e-05 2.44489e-05 2.63742e-05 2.8273e-05 3.01433e-05 3.19832e-05 3.3791e-05 3.55647e-05 3.73026e-05 3.9003e-05 4.0664e-05 4.22842e-05 4.38617e-05 4.53951e-05 4.68828e-05 4.83233e-05 4.97151e-05 5.10568e-05 5.23472e-05 5.35848e-05 5.47685e-05 5.5897e-05 5.69693e-05 5.79842e-05 5.89407e-05 5.98379e-05 6.06748e-05 6.14506e-05 6.21645e-05 6.28158e-05 6.34039e-05 6.39282e-05 6.43881e-05 6.47831e-05 6.51129e-05 6.53772e-05 6.55756e-05 6.5708e-05 6.57742e-05 6.57742e-05 6.5708e-05 6.55756e-05 6.53772e-05 6.51129e-05 6.47831e-05 6.43881e-05 6.39282e-05 6.34039e-05 6.28158e-05 6.21645e-05 6.14506e-05 6.06748e-05 5.98379e-05 5.89407e-05 5.79842e-05 5.69693e-05 5.5897e-05 5.47685e-05 5.35848e-05 5.23472e-05 5.10568e-05 4.97151e-05 4.83233e-05 4.68828e-05 4.53951e-05 4.38617e-05 4.22842e-05 4.0664e-05 3.9003e-05 3.73026e-05 3.55647e-05 3.3791e-05 3.19832e-05 3.01433e-05 2.8273e-05 2.63742e-05 2.44489e-05 2.24989e-05 2.05263e-05 1.85331e-05 1.65211e-05 1.44926e-05 1.24494e-05 1.03937e-05 8.32757e-06 6.25302e-06 4.17218e-06 2.08714e-06 0 
0 2.45087e-06 4.88092e-06 7.28438e-06 9.69534e-06 1.20997e-05 1.44926e-05 1.6871e-05 1.92325e-05 2.15746e-05 2.3895e-05 2.61913e-05 2.84613e-05 3.07026e-05 3.2913e-05 3.50902e-05 3.72321e-05 3.93365e-05 4.14013e-05 4.34245e-05 4.54039e-05 4.73375e-05 4.92236e-05 5.106e-05 5.28451e-05 5.45769e-05 5.62538e-05 5.7874e-05 5.9436e-05 6.09381e-05 6.23788e-05 6.37568e-05 6.50705e-05 6.63187e-05 6.75002e-05 6.86137e-05 6.9658e-05 7.06323e-05 7.15354e-05 7.23665e-05 7.31248e-05 7.38094e-05 7.44196e-05 7.4955e-05 7.54149e-05 7.57988e-05 7.61064e-05 7.63374e-05 7.64915e-05 7.65686e-05 7.65686e-05 7.64915e-05 7.63374e-05 7.61064e-05 7.57988e-05 7.54149e-05 7.4955e-05 7.44196e-05 7.38094e-05 7.31248e-05 7.23665e-05 7.15354e-05 7.06323e-05 6.9658e-05 6.86137e-05 6.75002e-05 6.63187e-05 6.50705e-05 6.37568e-05 6.23788e-05 6.09381e-05 5.9436e-05 5.7874e-05 5.62538e-05 5.45769e-05 5.28451e-05 5.106e-05 4.92236e-05 4.73375e-05 4.54039e-05 4.34245e-05 4.14013e-05 3.93365e-05 3.72321e-05 3.50902e-05 3.2913e-05 3.07026e-05 2.84613e-05 2.61913e-05 2.3895e-05 2.15746e-05 1.92325e-05 1.6871e-05 1.44925e-05 1.20995e-05 9.69423e-06 7.27923e-06 4.85689e-06 2.42967e-06 0 
0 2.79393e-06 5.56411e-06 8.30399e-06 1.10524e-05 1.37933e-05 1.65211e-05 1.92325e-05 2.19245e-05 2.45944e-05 2.72396e-05 2.98574e-05 3.2445e-05 3.50001e-05 3.75198e-05 4.00018e-05 4.24436e-05 4.48425e-05 4.71964e-05 4.95027e-05 5.17591e-05 5.39635e-05 5.61135e-05 5.8207e-05 6.02419e-05 6.22161e-05 6.41277e-05 6.59747e-05 6.77553e-05 6.94677e-05 7.11101e-05 7.26809e-05 7.41786e-05 7.56015e-05 7.69483e-05 7.82176e-05 7.94082e-05 8.05188e-05 8.15484e-05 8.24958e-05 8.33602e-05 8.41406e-05 8.48363e-05 8.54466e-05 8.59708e-05 8.64085e-05 8.67592e-05 8.70225e-05 8.71982e-05 8.72861e-05 8.72861e-05 8.71982e-05 8.70225e-05 8.67592e-05 8.64085e-05 8.59708e-05 8.54466e-05 8.48363e-05 8.41406e-05 8.33602e-05 8.24958e-05 8.15484e-05 8.05188e-05 7.94082e-05 7.82176e-05 7.69483e-05 7.56015e-05 7.41786e-05 7.26809e-05 7.11101e-05 6.94677e-05 6.77553e-05 6.59747e-05 6.41277e-05 6.22161e-05 6.02419e-05 5.8207e-05 5.61135e-05 5.39635e-05 5.17591e-05 4.95027e-05 4.71964e-05 4.48425e-05 4.24436e-05 4.00018e-05 3.75198e-05 3.50001e-05 3.24451e-05 2.98574e-05 2.72396e-05 2.45944e-05 2.19245e-05 1.92325e-05 1.65211e-05 1.37931e-05 1.10512e-05 8.29812e-06 5.53672e-06 2.76976e-06 0 
0 3.13417e-06 6.2417e-06 9.31524e-06 1.23984e-05 1.54731e-05 1.85331e-05 2.15746e-05 2.45944e-05 2.75895e-05 3.05568e-05 3.34934e-05 3.63962e-05 3.92623e-05 4.2089e-05 4.48732e-05 4.76123e-05 5.03034e-05 5.29439e-05 5.55311e-05 5.80623e-05 6.05351e-05 6.29469e-05 6.52954e-05 6.75781e-05 6.97927e-05 7.19371e-05 7.40091e-05 7.60065e-05 7.79274e-05 7.97698e-05 8.15319e-05 8.32119e-05 8.48082e-05 8.6319e-05 8.77429e-05 8.90785e-05 9.03243e-05 9.14793e-05 9.25421e-05 9.35117e-05 9.43872e-05 9.51676e-05 9.58522e-05 9.64403e-05 9.69313e-05 9.73246e-05 9.762e-05 9.78171e-05 9.79157e-05 9.79157e-05 9.78171e-05 9.762e-05 9.73246e-05 9.69313e-05 9.64403e-05 9.58522e-05 9.51676e-05 9.43872e-05 9.35117e-05 9.25421e-05 9.14793e-05 9.03243e-05 8.90785e-05 8.77429e-05 8.6319e-05 8.48082e-05 8.32119e-05 8.15319e-05 7.97698e-05 7.79274e-05 7.60065e-05 7.40091e-05 7.19371e-05 6.97927e-05 6.75781e-05 6.52954e-05 6.29469e-05 6.05351e-05 5.80623e-05 5.55311e-05 5.29439e-05 5.03034e-05 4.76123e-05 4.48732e-05 4.2089e-05 3.92623e-05 3.63962e-05 3.34934e-05 3.05568e-05 2.75895e-05 2.45944e-05 2.15746e-05 1.8533e-05 1.54728e-05 1.2397e-05 9.30865e-06 6.21098e-06 3.10705e-06 0 
0 3.47126e-06 6.91301e-06 1.03171e-05 1.37318e-05 1.71372e-05 2.05263e-05 2.3895e-05 2.72396e-05 3.05568e-05 3.38433e-05 3.70956e-05 4.03107e-05 4.34851e-05 4.66157e-05 4.96994e-05 5.27331e-05 5.57136e-05 5.86381e-05 6.15035e-05 6.4307e-05 6.70458e-05 6.9717e-05 7.2318e-05 7.48462e-05 7.72991e-05 7.96741e-05 8.19689e-05 8.41811e-05 8.63086e-05 8.83492e-05 9.03008e-05 9.21615e-05 9.39295e-05 9.56028e-05 9.71798e-05 9.8659e-05 0.000100039 0.000101318 0.000102495 0.000103569 0.000104539 0.000105403 0.000106161 0.000106813 0.000107356 0.000107792 0.000108119 0.000108338 0.000108447 0.000108447 0.000108338 0.000108119 0.000107792 0.000107356 0.000106813 0.000106161 0.000105403 0.000104539 0.000103569 0.000102495 0.000101318 0.000100039 9.8659e-05 9.71798e-05 9.56028e-05 9.39295e-05 9.21615e-05 9.03008e-05 8.83492e-05 8.63086e-05 8.41811e-05 8.19689e-05 7.96741e-05 7.72991e-05 7.48462e-05 7.2318e-05 6.9717e-05 6.70458e-05 6.4307e-05 6.15035e-05 5.86381e-05 5.57136e-05 5.27331e-05 4.96994e-05 4.66157e-05 4.34851e-05 4.03107e-05 3.70956e-05 3.38433e-05 3.05568e-05 2.72396e-05 2.3895e-05 2.05263e-05 1.71369e-05 1.37303e-05 1.03098e-05 6.87898e-06 3.44122e-06 0 
0 3.80485e-06 7.57735e-06 1.13086e-05 1.50515e-05 1.87841e-05 2.24989e-05 2.61913e-05 2.98574e-05 3.34934e-05 3.70956e-05 4.06606e-05 4.41845e-05 4.7664e-05 5.10955e-05 5.44756e-05 5.78008e-05 6.10678e-05 6.42733e-05 6.74141e-05 7.0487e-05 7.34889e-05 7.64169e-05 7.92679e-05 8.2039e-05 8.47276e-05 8.73309e-05 8.98462e-05 9.2271e-05 9.4603e-05 9.68397e-05 9.89788e-05 0.000101018 0.000102956 0.00010479 0.000106519 0.00010814 0.000109653 0.000111055 0.000112345 0.000113522 0.000114585 0.000115532 0.000116363 0.000117077 0.000117673 0.000118151 0.00011851 0.000118749 0.000118869 0.000118869 0.000118749 0.00011851 0.000118151 0.000117673 0.000117077 0.000116363 0.000115532 0.000114585 0.000113522 0.000112345 0.000111055 0.000109653 0.00010814 0.000106519 0.00010479 0.000102956 0.000101018 9.89788e-05 9.68397e-05 9.4603e-05 9.2271e-05 8.98462e-05 8.73309e-05 8.47276e-05 8.2039e-05 7.92679e-05 7.64169e-05 7.34889e-05 7.0487e-05 6.74141e-05 6.42733e-05 6.10678e-05 5.78008e-05 5.44756e-05 5.10955e-05 4.7664e-05 4.41845e-05 4.06606e-05 3.70956e-05 3.34934e-05 2.98574e-05 2.61913e-05 2.24989e-05 1.87838e-05 1.50498e-05 1.13006e-05 7.54006e-06 3.77193e-06 0 
0 4.13461e-06 8.23407e-06 1.22887e-05 1.6356e-05 2.04121e-05 2.44489e-05 2.84613e-05 3.2445e-05 3.63962e-05 4.03107e-05 4.41845e-05 4.80139e-05 5.1795e-05 5.55239e-05 5.91969e-05 6.28103e-05 6.63604e-05 6.98437e-05 7.32567e-05 7.6596e-05 7.98581e-05 8.30398e-05 8.61379e-05 8.91492e-05 9.20708e-05 9.48997e-05 9.7633e-05 0.000100268 0.000102802 0.000105233 0.000107557 0.000109773 0.000111879 0.000113872 0.000115751 0.000117513 0.000119156 0.00012068 0.000122082 0.000123361 0.000124516 0.000125545 0.000126449 0.000127224 0.000127872 0.000128391 0.000128781 0.000129041 0.000129171 0.000129171 0.000129041 0.000128781 0.000128391 0.000127872 0.000127224 0.000126449 0.000125545 0.000124516 0.000123361 0.000122082 0.00012068 0.000119156 0.000117513 0.000115751 0.000113872 0.000111879 0.000109773 0.000107557 0.000105233 0.000102802 0.000100268 9.7633e-05 9.48997e-05 9.20708e-05 8.91492e-05 8.61379e-05 8.30398e-05 7.98581e-05 7.6596e-05 7.32567e-05 6.98437e-05 6.63604e-05 6.28103e-05 5.91969e-05 5.55239e-05 5.1795e-05 4.80139e-05 4.41845e-05 4.03107e-05 3.63962e-05 3.2445e-05 2.84612e-05 2.44488e-05 2.04117e-05 1.63541e-05 1.228e-05 8.19354e-06 4.09884e-06 0 
0 4.4602e-06 8.8825e-06 1.32564e-05 1.7644e-05 2.20196e-05 2.63742e-05 3.07026e-05 3.50001e-05 3.92623e-05 4.34851e-05 4.7664e-05 5.1795e-05 5.58738e-05 5.98964e-05 6.38586e-05 6.77565e-05 7.15862e-05 7.53439e-05 7.90256e-05 8.26278e-05 8.61468e-05 8.95791e-05 9.29211e-05 9.61696e-05 9.93213e-05 0.000102373 0.000105322 0.000108164 0.000110898 0.00011352 0.000116027 0.000118418 0.00012069 0.00012284 0.000124866 0.000126767 0.00012854 0.000130183 0.000131696 0.000133075 0.000134321 0.000135432 0.000136406 0.000137243 0.000137942 0.000138502 0.000138922 0.000139202 0.000139343 0.000139343 0.000139202 0.000138922 0.000138502 0.000137942 0.000137243 0.000136406 0.000135432 0.000134321 0.000133075 0.000131696 0.000130183 0.00012854 0.000126767 0.000124866 0.00012284 0.00012069 0.000118418 0.000116027 0.00011352 0.000110898 0.000108164 0.000105322 0.000102373 9.93213e-05 9.61696e-05 9.29211e-05 8.95791e-05 8.61468e-05 8.26278e-05 7.90256e-05 7.53439e-05 7.15862e-05 6.77565e-05 6.38586e-05 5.98964e-05 5.58738e-05 5.1795e-05 4.7664e-05 4.34851e-05 3.92623e-05 3.50001e-05 3.07025e-05 2.63741e-05 2.20191e-05 1.7642e-05 1.3247e-05 8.83878e-06 4.42162e-06 0 
0 4.78131e-06 9.52198e-06 1.42108e-05 1.89142e-05 2.36048e-05 2.8273e-05 3.2913e-05 3.75198e-05 4.2089e-05 4.66157e-05 5.10955e-05 5.55239e-05 5.98964e-05 6.42085e-05 6.8456e-05 7.26346e-05 7.674e-05 8.07681e-05 8.4715e-05 8.85765e-05 9.23488e-05 9.60282e-05 9.96109e-05 0.000103093 0.000106472 0.000109743 0.000112904 0.000115951 0.000118882 0.000121692 0.00012438 0.000126943 0.000129378 0.000131683 0.000133856 0.000135893 0.000137794 0.000139555 0.000141177 0.000142656 0.000143992 0.000145182 0.000146227 0.000147124 0.000147873 0.000148473 0.000148923 0.000149224 0.000149375 0.000149375 0.000149224 0.000148923 0.000148473 0.000147873 0.000147124 0.000146227 0.000145182 0.000143992 0.000142656 0.000141177 0.000139555 0.000137794 0.000135893 0.000133856 0.000131683 0.000129378 0.000126943 0.00012438 0.000121692 0.000118882 0.000115951 0.000112904 0.000109743 0.000106472 0.000103093 9.96109e-05 9.60282e-05 9.23488e-05 8.85765e-05 8.4715e-05 8.07681e-05 7.674e-05 7.26346e-05 6.8456e-05 6.42085e-05 5.98964e-05 5.55239e-05 5.10955e-05 4.66157e-05 4.2089e-05 3.75198e-05 3.29129e-05 2.82729e-05 2.36044e-05 1.89121e-05 1.42007e-05 9.47511e-06 4.73994e-06 0 
0 5.0976e-06 1.01519e-05 1.51509e-05 2.01654e-05 2.51663e-05 3.01433e-05 3.50902e-05 4.00018e-05 4.48732e-05 4.96994e-05 5.44756e-05 5.91969e-05 6.38586e-05 6.8456e-05 7.29845e-05 7.74395e-05 8.18165e-05 8.61111e-05 9.0319e-05 9.4436e-05 9.84579e-05 0.000102381 0.0001062 0.000109913 0.000113515 0.000117003 0.000120373 0.000123621 0.000126746 0.000129742 0.000132608 0.000135341 0.000137937 0.000140394 0.00014271 0.000144883 0.000146909 0.000148787 0.000150516 0.000152093 0.000153517 0.000154786 0.0001559 0.000156856 0.000157655 0.000158295 0.000158775 0.000159096 0.000159256 0.000159256 0.000159096 0.000158775 0.000158295 0.000157655 0.000156856 0.0001559 0.000154786 0.000153517 0.000152093 0.000150516 0.000148787 0.000146909 0.000144883 0.00014271 0.000140394 0.000137937 0.000135341 0.000132608 0.000129742 0.000126746 0.000123621 0.000120373 0.000117003 0.000113515 0.000109913 0.0001062 0.000102381 9.84579e-05 9.4436e-05 9.0319e-05 8.61111e-05 8.18165e-05 7.74395e-05 7.29845e-05 6.8456e-05 6.38586e-05 5.91969e-05 5.44756e-05 4.96994e-05 4.48732e-05 4.00018e-05 3.50902e-05 3.01432e-05 2.51658e-05 2.01631e-05 1.51401e-05 1.01019e-05 5.0535e-06 0 
0 5.40876e-06 1.07715e-05 1.60757e-05 2.13963e-05 2.67025e-05 3.19832e-05 3.72321e-05 4.24436e-05 4.76123e-05 5.27331e-05 5.78008e-05 6.28103e-05 6.77565e-05 7.26346e-05 7.74395e-05 8.21664e-05 8.68105e-05 9.13673e-05 9.58321e-05 0.0001002 0.000104468 0.00010863 0.000112683 0.000116622 0.000120444 0.000124145 0.00012772 0.000131167 0.000134482 0.000137662 0.000140703 0.000143602 0.000146357 0.000148964 0.000151421 0.000153726 0.000155876 0.000157869 0.000159703 0.000161377 0.000162888 0.000164234 0.000165416 0.000166431 0.000167278 0.000167957 0.000168467 0.000168807 0.000168977 0.000168977 0.000168807 0.000168467 0.000167957 0.000167278 0.000166431 0.000165416 0.000164234 0.000162888 0.000161377 0.000159703 0.000157869 0.000155876 0.000153726 0.000151421 0.000148964 0.000146357 0.000143602 0.000140703 0.000137662 0.000134482 0.000131167 0.00012772 0.000124145 0.000120444 0.000116622 0.000112683 0.00010863 0.000104468 0.0001002 9.58321e-05 9.13673e-05 8.68105e-05 8.21664e-05 7.74395e-05 7.26346e-05 6.77565e-05 6.28103e-05 5.78008e-05 5.27331e-05 4.76123e-05 4.24436e-05 3.72321e-05 3.19831e-05 2.67019e-05 2.13939e-05 1.60643e-05 1.07185e-05 5.36196e-06 0 
0 5.71447e-06 1.13804e-05 1.69843e-05 2.26057e-05 2.82117e-05 3.3791e-05 3.93365e-05 4.48425e-05 5.03034e-05 5.57136e-05 6.10678e-05 6.63604e-05 7.15862e-05 7.674e-05 8.18165e-05 8.68105e-05 9.17172e-05 9.65316e-05 0.000101249 0.000105864 0.000110372 0.00011477 0.000119052 0.000123214 0.000127252 0.000131162 0.000134939 0.000138581 0.000142083 0.000145443 0.000148656 0.000151719 0.000154629 0.000157384 0.00015998 0.000162415 0.000164687 0.000166792 0.00016873 0.000170498 0.000172094 0.000173517 0.000174765 0.000175838 0.000176733 0.00017745 0.000177989 0.000178348 0.000178528 0.000178528 0.000178348 0.000177989 0.00017745 0.000176733 0.000175838 0.000174765 0.000173517 0.000172094 0.000170498 0.00016873 0.000166792 0.000164687 0.000162415 0.00015998 0.000157384 0.000154629 0.000151719 0.000148656 0.000145443 0.000142083 0.000138581 0.000134939 0.000131162 0.000127252 0.000123214 0.000119052 0.00011477 0.000110372 0.000105864 0.000101249 9.65316e-05 9.17172e-05 8.68105e-05 8.18165e-05 7.674e-05 7.15862e-05 6.63604e-05 6.10678e-05 5.57136e-05 5.03034e-05 4.48425e-05 3.93365e-05 3.37909e-05 2.82112e-05 2.26031e-05 1.69723e-05 1.13244e-05 5.66503e-06 0 
0 6.01443e-06 1.19777e-05 1.78758e-05 2.37923e-05 2.96926e-05 3.55647e-05 4.14013e-05 4.71964e-05 5.29439e-05 5.86381e-05 6.42733e-05 6.98437e-05 7.53439e-05 8.07681e-05 8.61111e-05 9.13673e-05 9.65316e-05 0.000101599 0.000106563 0.000111421 0.000116166 0.000120794 0.000125301 0.000129681 0.000133931 0.000138046 0.000142022 0.000145855 0.000149542 0.000153077 0.000156459 0.000159683 0.000162746 0.000165645 0.000168377 0.00017094 0.000173331 0.000175547 0.000177587 0.000179448 0.000181128 0.000182625 0.000183939 0.000185068 0.00018601 0.000186765 0.000187331 0.00018771 0.000187899 0.000187899 0.00018771 0.000187331 0.000186765 0.00018601 0.000185068 0.000183939 0.000182625 0.000181128 0.000179448 0.000177587 0.000175547 0.000173331 0.00017094 0.000168377 0.000165645 0.000162746 0.000159683 0.000156459 0.000153077 0.000149542 0.000145855 0.000142022 0.000138046 0.000133931 0.000129681 0.000125301 0.000120794 0.000116166 0.000111421 0.000106563 0.000101599 9.65316e-05 9.13673e-05 8.61111e-05 8.07681e-05 7.53439e-05 6.98437e-05 6.42733e-05 5.86381e-05 5.29439e-05 4.71964e-05 4.14013e-05 3.55646e-05 2.9692e-05 2.37896e-05 1.78632e-05 1.19188e-05 5.96239e-06 0 
0 6.30833e-06 1.2563e-05 1.87493e-05 2.49549e-05 3.11436e-05 3.73026e-05 4.34245e-05 4.95027e-05 5.55311e-05 6.15035e-05 6.74141e-05 7.32567e-05 7.90256e-05 8.4715e-05 9.0319e-05 9.58321e-05 0.000101249 0.000106563 0.000111771 0.000116865 0.000121843 0.000126697 0.000131424 0.000136018 0.000140476 0.000144792 0.000148962 0.000152983 0.000156849 0.000160557 0.000164104 0.000167486 0.000170698 0.000173739 0.000176605 0.000179294 0.000181801 0.000184126 0.000186265 0.000188217 0.000189979 0.000191549 0.000192927 0.000194111 0.000195099 0.000195891 0.000196486 0.000196882 0.000197081 0.000197081 0.000196882 0.000196486 0.000195891 0.000195099 0.000194111 0.000192927 0.000191549 0.000189979 0.000188217 0.000186265 0.000184126 0.000181801 0.000179294 0.000176605 0.000173739 0.000170698 0.000167486 0.000164104 0.000160557 0.000156849 0.000152983 0.000148962 0.000144792 0.000140476 0.000136018 0.000131424 0.000126697 0.000121843 0.000116865 0.000111771 0.000106563 0.000101249 9.58321e-05 9.0319e-05 8.4715e-05 7.90256e-05 7.32567e-05 6.74141e-05 6.15035e-05 5.55311e-05 4.95027e-05 4.34244e-05 3.73025e-05 3.1143e-05 2.49521e-05 1.87361e-05 1.25012e-05 6.25375e-06 0 
0 6.59588e-06 1.31357e-05 1.9604e-05 2.60924e-05 3.25632e-05 3.9003e-05 4.54039e-05 5.17591e-05 5.80623e-05 6.4307e-05 7.0487e-05 7.6596e-05 8.26278e-05 8.85765e-05 9.4436e-05 0.0001002 0.000105864 0.000111421 0.000116865 0.000122192 0.000127396 0.000132472 0.000137415 0.000142218 0.000146879 0.000151392 0.000155753 0.000159956 0.000163999 0.000167876 0.000171584 0.00017512 0.000178479 0.000181659 0.000184656 0.000187466 0.000190088 0.000192519 0.000194755 0.000196796 0.000198638 0.000200281 0.000201722 0.000202959 0.000203992 0.00020482 0.000205442 0.000205857 0.000206064 0.000206064 0.000205857 0.000205442 0.00020482 0.000203992 0.000202959 0.000201722 0.000200281 0.000198638 0.000196796 0.000194755 0.000192519 0.000190088 0.000187466 0.000184656 0.000181659 0.000178479 0.00017512 0.000171584 0.000167876 0.000163999 0.000159956 0.000155753 0.000151392 0.000146879 0.000142218 0.000137415 0.000132472 0.000127396 0.000122192 0.000116865 0.000111421 0.000105864 0.0001002 9.4436e-05 8.85765e-05 8.26278e-05 7.6596e-05 7.0487e-05 6.4307e-05 5.80623e-05 5.17591e-05 4.54038e-05 3.90028e-05 3.25625e-05 2.60895e-05 1.95901e-05 1.3071e-05 6.53882e-06 0 
0 6.87679e-06 1.36951e-05 2.04389e-05 2.72037e-05 3.395e-05 4.0664e-05 4.73375e-05 5.39635e-05 6.05351e-05 6.70458e-05 7.34889e-05 7.98581e-05 8.61468e-05 9.23488e-05 9.84579e-05 0.000104468 0.000110372 0.000116166 0.000121843 0.000127396 0.000132822 0.000138114 0.000143267 0.000148275 0.000153135 0.00015784 0.000162386 0.000166768 0.000170983 0.000175026 0.000178892 0.000182578 0.00018608 0.000189395 0.00019252 0.00019545 0.000198184 0.000200718 0.00020305 0.000205177 0.000207098 0.00020881 0.000210313 0.000211603 0.00021268 0.000213543 0.000214191 0.000214624 0.00021484 0.00021484 0.000214624 0.000214191 0.000213543 0.00021268 0.000211603 0.000210313 0.00020881 0.000207098 0.000205177 0.00020305 0.000200718 0.000198184 0.00019545 0.00019252 0.000189395 0.00018608 0.000182578 0.000178892 0.000175026 0.000170983 0.000166768 0.000162386 0.00015784 0.000153135 0.000148275 0.000143267 0.000138114 0.000132822 0.000127396 0.000121843 0.000116166 0.000110372 0.000104468 9.84579e-05 9.23488e-05 8.61468e-05 7.98581e-05 7.34889e-05 6.70458e-05 6.05351e-05 5.39635e-05 4.73375e-05 4.06639e-05 3.39493e-05 2.72006e-05 2.04244e-05 1.36277e-05 6.81729e-06 0 
0 7.15077e-06 1.42408e-05 2.12532e-05 2.82875e-05 3.53026e-05 4.22842e-05 4.92236e-05 5.61135e-05 6.29469e-05 6.9717e-05 7.64169e-05 8.30398e-05 8.95791e-05 9.60282e-05 0.000102381 0.00010863 0.00011477 0.000120794 0.000126697 0.000132472 0.000138114 0.000143617 0.000148975 0.000154183 0.000159236 0.000164128 0.000168856 0.000173413 0.000177795 0.000181999 0.000186019 0.000189852 0.000193494 0.000196941 0.00020019 0.000203237 0.00020608 0.000208715 0.00021114 0.000213352 0.000215349 0.00021713 0.000218692 0.000220034 0.000221154 0.000222051 0.000222725 0.000223175 0.0002234 0.0002234 0.000223175 0.000222725 0.000222051 0.000221154 0.000220034 0.000218692 0.00021713 0.000215349 0.000213352 0.00021114 0.000208715 0.00020608 0.000203237 0.00020019 0.000196941 0.000193494 0.000189852 0.000186019 0.000181999 0.000177795 0.000173413 0.000168856 0.000164128 0.000159236 0.000154183 0.000148975 0.000143617 0.000138114 0.000132472 0.000126697 0.000120794 0.00011477 0.00010863 0.000102381 9.60282e-05 8.95791e-05 8.30398e-05 7.64169e-05 6.9717e-05 6.29469e-05 5.61135e-05 4.92235e-05 4.2284e-05 3.53019e-05 2.82843e-05 2.12382e-05 1.41707e-05 7.08891e-06 0 
0 7.41756e-06 1.47721e-05 2.20461e-05 2.93429e-05 3.66197e-05 4.38617e-05 5.106e-05 5.8207e-05 6.52954e-05 7.2318e-05 7.92679e-05 8.61379e-05 9.29211e-05 9.96109e-05 0.0001062 0.000112683 0.000119052 0.000125301 0.000131424 0.000137415 0.000143267 0.000148975 0.000154533 0.000159935 0.000165177 0.000170252 0.000175155 0.000179883 0.000184429 0.000188789 0.000192959 0.000196936 0.000200713 0.000204289 0.000207659 0.00021082 0.000213768 0.000216502 0.000219017 0.000221312 0.000223384 0.000225231 0.000226851 0.000228243 0.000229405 0.000230336 0.000231035 0.000231501 0.000231735 0.000231735 0.000231501 0.000231035 0.000230336 0.000229405 0.000228243 0.000226851 0.000225231 0.000223384 0.000221312 0.000219017 0.000216502 0.000213768 0.00021082 0.000207659 0.000204289 0.000200713 0.000196936 0.000192959 0.000188789 0.000184429 0.000179883 0.000175155 0.000170252 0.000165177 0.000159935 0.000154533 0.000148975 0.000143267 0.000137415 0.000131424 0.000125301 0.000119052 0.000112683 0.0001062 9.96109e-05 9.29211e-05 8.61379e-05 7.92679e-05 7.2318e-05 6.52954e-05 5.8207e-05 5.106e-05 4.38616e-05 3.6619e-05 2.93395e-05 2.20305e-05 1.46994e-05 7.35338e-06 0 
0 7.67687e-06 1.52885e-05 2.28169e-05 3.03687e-05 3.78999e-05 4.53951e-05 5.28451e-05 6.02419e-05 6.75781e-05 7.48462e-05 8.2039e-05 8.91492e-05 9.61696e-05 0.000103093 0.000109913 0.000116622 0.000123214 0.000129681 0.000136018 0.000142218 0.000148275 0.000154183 0.000159935 0.000165527 0.000170951 0.000176204 0.000181279 0.000186171 0.000190876 0.000195389 0.000199705 0.00020382 0.00020773 0.000211431 0.000214919 0.00021819 0.000221241 0.00022407 0.000226674 0.000229049 0.000231193 0.000233105 0.000234781 0.000236222 0.000237425 0.000238388 0.000239112 0.000239594 0.000239836 0.000239836 0.000239594 0.000239112 0.000238388 0.000237425 0.000236222 0.000234781 0.000233105 0.000231193 0.000229049 0.000226674 0.00022407 0.000221241 0.00021819 0.000214919 0.000211431 0.00020773 0.00020382 0.000199705 0.000195389 0.000190876 0.000186171 0.000181279 0.000176204 0.000170951 0.000165527 0.000159935 0.000154183 0.000148275 0.000142218 0.000136018 0.000129681 0.000123214 0.000116622 0.000109913 0.000103093 9.61696e-05 8.91492e-05 8.2039e-05 7.48462e-05 6.75781e-05 6.02419e-05 5.2845e-05 4.5395e-05 3.78992e-05 3.03652e-05 2.28007e-05 1.52132e-05 7.61046e-06 0 
0 7.92846e-06 1.57895e-05 2.35646e-05 3.13639e-05 3.9142e-05 4.68828e-05 5.45769e-05 6.22161e-05 6.97927e-05 7.72991e-05 8.47276e-05 9.20708e-05 9.93213e-05 0.000106472 0.000113515 0.000120444 0.000127252 0.000133931 0.000140476 0.000146879 0.000153135 0.000159236 0.000165177 0.000170951 0.000176554 0.000181978 0.00018722 0.000192272 0.000197132 0.000201792 0.00020625 0.0002105 0.000214538 0.00021836 0.000221962 0.00022534 0.000228492 0.000231414 0.000234102 0.000236555 0.00023877 0.000240744 0.000242476 0.000243963 0.000245205 0.000246201 0.000246948 0.000247446 0.000247696 0.000247696 0.000247446 0.000246948 0.000246201 0.000245205 0.000243963 0.000242476 0.000240744 0.00023877 0.000236555 0.000234102 0.000231414 0.000228492 0.00022534 0.000221962 0.00021836 0.000214538 0.0002105 0.00020625 0.000201792 0.000197132 0.000192272 0.00018722 0.000181978 0.000176554 0.000170951 0.000165177 0.000159236 0.000153135 0.000146879 0.000140476 0.000133931 0.000127252 0.000120444 0.000113515 0.000106472 9.93213e-05 9.20708e-05 8.47276e-05 7.72991e-05 6.97927e-05 6.22161e-05 5.45769e-05 4.68826e-05 3.91412e-05 3.13604e-05 2.35479e-05 1.57118e-05 7.85986e-06 0 
0 8.17206e-06 1.62747e-05 2.42886e-05 3.23276e-05 4.03446e-05 4.83233e-05 5.62538e-05 6.41277e-05 7.19371e-05 7.96741e-05 8.73309e-05 9.48997e-05 0.000102373 0.000109743 0.000117003 0.000124145 0.000131162 0.000138046 0.000144792 0.000151392 0.00015784 0.000164128 0.000170252 0.000176204 0.000181978 0.000187569 0.000192972 0.00019818 0.000203189 0.000207992 0.000212587 0.000216967 0.000221129 0.000225069 0.000228782 0.000232264 0.000235512 0.000238524 0.000241295 0.000243823 0.000246106 0.000248141 0.000249926 0.000251459 0.000252739 0.000253765 0.000254535 0.000255049 0.000255306 0.000255306 0.000255049 0.000254535 0.000253765 0.000252739 0.000251459 0.000249926 0.000248141 0.000246106 0.000243823 0.000241295 0.000238524 0.000235512 0.000232264 0.000228782 0.000225069 0.000221129 0.000216967 0.000212587 0.000207992 0.000203189 0.00019818 0.000192972 0.000187569 0.000181978 0.000176204 0.000170252 0.000164128 0.00015784 0.000151392 0.000144792 0.000138046 0.000131162 0.000124145 0.000117003 0.000109743 0.000102373 9.48997e-05 8.73309e-05 7.96741e-05 7.19371e-05 6.41277e-05 5.62537e-05 4.83231e-05 4.03438e-05 3.23239e-05 2.42715e-05 1.61946e-05 8.10136e-06 0 
0 8.40743e-06 1.67434e-05 2.49882e-05 3.32587e-05 4.15066e-05 4.97151e-05 5.7874e-05 6.59747e-05 7.40091e-05 8.19689e-05 8.98462e-05 9.7633e-05 0.000105322 0.000112904 0.000120373 0.00012772 0.000134939 0.000142022 0.000148962 0.000155753 0.000162386 0.000168856 0.000175155 0.000181279 0.00018722 0.000192972 0.00019853 0.000203888 0.000209041 0.000213983 0.00021871 0.000223217 0.000227499 0.000231551 0.000235371 0.000238954 0.000242296 0.000245394 0.000248245 0.000250846 0.000253194 0.000255288 0.000257124 0.000258702 0.000260019 0.000261074 0.000261866 0.000262395 0.00026266 0.00026266 0.000262395 0.000261866 0.000261074 0.000260019 0.000258702 0.000257124 0.000255288 0.000253194 0.000250846 0.000248245 0.000245394 0.000242296 0.000238954 0.000235371 0.000231551 0.000227499 0.000223217 0.00021871 0.000213983 0.000209041 0.000203888 0.00019853 0.000192972 0.00018722 0.000181279 0.000175155 0.000168856 0.000162386 0.000155753 0.000148962 0.000142022 0.000134939 0.00012772 0.000120373 0.000112904 0.000105322 9.7633e-05 8.98462e-05 8.19689e-05 7.40091e-05 6.59747e-05 5.7874e-05 4.97149e-05 4.15058e-05 3.32549e-05 2.49705e-05 1.6661e-05 8.3347e-06 0 
0 8.63434e-06 1.71953e-05 2.56626e-05 3.41563e-05 4.26268e-05 5.10568e-05 5.9436e-05 6.77553e-05 7.60065e-05 8.41811e-05 9.2271e-05 0.000100268 0.000108164 0.000115951 0.000123621 0.000131167 0.000138581 0.000145855 0.000152983 0.000159956 0.000166768 0.000173413 0.000179883 0.000186171 0.000192272 0.00019818 0.000203888 0.000209391 0.000214683 0.000219758 0.000224613 0.000229241 0.000233638 0.000237801 0.000241723 0.000245403 0.000248835 0.000252017 0.000254945 0.000257616 0.000260028 0.000262178 0.000264064 0.000265684 0.000267036 0.00026812 0.000268934 0.000269477 0.000269748 0.000269748 0.000269477 0.000268934 0.00026812 0.000267036 0.000265684 0.000264064 0.000262178 0.000260028 0.000257616 0.000254945 0.000252017 0.000248835 0.000245403 0.000241723 0.000237801 0.000233638 0.000229241 0.000224613 0.000219758 0.000214683 0.000209391 0.000203888 0.00019818 0.000192272 0.000186171 0.000179883 0.000173413 0.000166768 0.000159956 0.000152983 0.000145855 0.000138581 0.000131167 0.000123621 0.000115951 0.000108164 0.000100268 9.2271e-05 8.41811e-05 7.60065e-05 6.77553e-05 5.94359e-05 5.10567e-05 4.2626e-05 3.41524e-05 2.56445e-05 1.71107e-05 8.55964e-06 0 
0 8.85255e-06 1.76299e-05 2.63112e-05 3.50195e-05 4.37041e-05 5.23472e-05 6.09381e-05 6.94677e-05 7.79274e-05 8.63086e-05 9.4603e-05 0.000102802 0.000110898 0.000118882 0.000126746 0.000134482 0.000142083 0.000149542 0.000156849 0.000163999 0.000170983 0.000177795 0.000184429 0.000190876 0.000197132 0.000203189 0.000209041 0.000214683 0.000220108 0.000225312 0.000230289 0.000235035 0.000239543 0.000243811 0.000247832 0.000251605 0.000255124 0.000258386 0.000261388 0.000264127 0.000266599 0.000268804 0.000270737 0.000272398 0.000273785 0.000274896 0.000275731 0.000276287 0.000276566 0.000276566 0.000276287 0.000275731 0.000274896 0.000273785 0.000272398 0.000270737 0.000268804 0.000266599 0.000264127 0.000261388 0.000258386 0.000255124 0.000251605 0.000247832 0.000243811 0.000239543 0.000235035 0.000230289 0.000225312 0.000220108 0.000214683 0.000209041 0.000203189 0.000197132 0.000190876 0.000184429 0.000177795 0.000170983 0.000163999 0.000156849 0.000149542 0.000142083 0.000134482 0.000126746 0.000118882 0.000110898 0.000102802 9.4603e-05 8.63086e-05 7.79274e-05 6.94677e-05 6.0938e-05 5.2347e-05 4.37033e-05 3.50155e-05 2.62926e-05 1.75431e-05 8.77597e-06 0 
0 9.06185e-06 1.80467e-05 2.69333e-05 3.58475e-05 4.47374e-05 5.35848e-05 6.23788e-05 7.11101e-05 7.97698e-05 8.83492e-05 9.68397e-05 0.000105233 0.00011352 0.000121692 0.000129742 0.000137662 0.000145443 0.000153077 0.000160557 0.000167876 0.000175026 0.000181999 0.000188789 0.000195389 0.000201792 0.000207992 0.000213983 0.000219758 0.000225312 0.000230639 0.000235734 0.000240591 0.000245207 0.000249575 0.000253692 0.000257553 0.000261156 0.000264495 0.000267568 0.000270371 0.000272902 0.000275159 0.000277138 0.000278839 0.000280258 0.000281396 0.00028225 0.00028282 0.000283105 0.000283105 0.00028282 0.00028225 0.000281396 0.000280258 0.000278839 0.000277138 0.000275159 0.000272902 0.000270371 0.000267568 0.000264495 0.000261156 0.000257553 0.000253692 0.000249575 0.000245207 0.000240591 0.000235734 0.000230639 0.000225312 0.000219758 0.000213983 0.000207992 0.000201792 0.000195389 0.000188789 0.000181999 0.000175026 0.000167876 0.000160557 0.000153077 0.000145443 0.000137662 0.000129742 0.000121692 0.00011352 0.000105233 9.68397e-05 8.83492e-05 7.97698e-05 7.11101e-05 6.23788e-05 5.35846e-05 4.47366e-05 3.58434e-05 2.69142e-05 1.79579e-05 8.98346e-06 0 
0 9.26203e-06 1.84453e-05 2.75282e-05 3.66394e-05 4.57257e-05 5.47685e-05 6.37568e-05 7.26809e-05 8.15319e-05 9.03008e-05 9.89788e-05 0.000107557 0.000116027 0.00012438 0.000132608 0.000140703 0.000148656 0.000156459 0.000164104 0.000171584 0.000178892 0.000186019 0.000192959 0.000199705 0.00020625 0.000212587 0.00021871 0.000224613 0.000230289 0.000235734 0.000240941 0.000245906 0.000250623 0.000255088 0.000259296 0.000263243 0.000266925 0.000270338 0.000273478 0.000276344 0.000278931 0.000281237 0.00028326 0.000284998 0.000286449 0.000287612 0.000288485 0.000289067 0.000289358 0.000289358 0.000289067 0.000288485 0.000287612 0.000286449 0.000284998 0.00028326 0.000281237 0.000278931 0.000276344 0.000273478 0.000270338 0.000266925 0.000263243 0.000259296 0.000255088 0.000250623 0.000245906 0.000240941 0.000235734 0.000230289 0.000224613 0.00021871 0.000212587 0.00020625 0.000199705 0.000192959 0.000186019 0.000178892 0.000171584 0.000164104 0.000156459 0.000148656 0.000140703 0.000132608 0.00012438 0.000116027 0.000107557 9.89788e-05 9.03008e-05 8.15319e-05 7.26809e-05 6.37567e-05 5.47683e-05 4.57248e-05 3.66352e-05 2.75087e-05 1.83546e-05 9.1819e-06 0 
0 9.45288e-06 1.88254e-05 2.80954e-05 3.73944e-05 4.66679e-05 5.5897e-05 6.50705e-05 7.41786e-05 8.32119e-05 9.21615e-05 0.000101018 0.000109773 0.000118418 0.000126943 0.000135341 0.000143602 0.000151719 0.000159683 0.000167486 0.00017512 0.000182578 0.000189852 0.000196936 0.00020382 0.0002105 0.000216967 0.000223217 0.000229241 0.000235035 0.000240591 0.000245906 0.000250973 0.000255787 0.000260344 0.000264639 0.000268667 0.000272425 0.000275908 0.000279113 0.000282038 0.000284678 0.000287032 0.000289097 0.000290871 0.000292352 0.000293538 0.000294429 0.000295023 0.000295321 0.000295321 0.000295023 0.000294429 0.000293538 0.000292352 0.000290871 0.000289097 0.000287032 0.000284678 0.000282038 0.000279113 0.000275908 0.000272425 0.000268667 0.000264639 0.000260344 0.000255787 0.000250973 0.000245906 0.000240591 0.000235035 0.000229241 0.000223217 0.000216967 0.0002105 0.00020382 0.000196936 0.000189852 0.000182578 0.00017512 0.000167486 0.000159683 0.000151719 0.000143602 0.000135341 0.000126943 0.000118418 0.000109773 0.000101018 9.21615e-05 8.32119e-05 7.41785e-05 6.50705e-05 5.58969e-05 4.6667e-05 3.73901e-05 2.80756e-05 1.87328e-05 9.3711e-06 0 
0 9.63421e-06 1.91865e-05 2.86344e-05 3.81117e-05 4.75631e-05 5.69693e-05 6.63187e-05 7.56015e-05 8.48082e-05 9.39295e-05 0.000102956 0.000111879 0.00012069 0.000129378 0.000137937 0.000146357 0.000154629 0.000162746 0.000170698 0.000178479 0.00018608 0.000193494 0.000200713 0.00020773 0.000214538 0.000221129 0.000227499 0.000233638 0.000239543 0.000245207 0.000250623 0.000255787 0.000260694 0.000265338 0.000269715 0.000273821 0.00027765 0.000281201 0.000284468 0.000287448 0.000290139 0.000292538 0.000294643 0.00029645 0.00029796 0.000299169 0.000300077 0.000300683 0.000300986 0.000300986 0.000300683 0.000300077 0.000299169 0.00029796 0.00029645 0.000294643 0.000292538 0.000290139 0.000287448 0.000284468 0.000281201 0.00027765 0.000273821 0.000269715 0.000265338 0.000260694 0.000255787 0.000250623 0.000245207 0.000239543 0.000233638 0.000227499 0.000221129 0.000214538 0.00020773 0.000200713 0.000193494 0.00018608 0.000178479 0.000170698 0.000162746 0.000154629 0.000146357 0.000137937 0.000129378 0.00012069 0.000111879 0.000102956 9.39295e-05 8.48082e-05 7.56015e-05 6.63187e-05 5.69691e-05 4.75622e-05 3.81073e-05 2.86141e-05 1.90921e-05 9.55086e-06 0 
0 9.80584e-06 1.95283e-05 2.91445e-05 3.87906e-05 4.84104e-05 5.79842e-05 6.75002e-05 7.69483e-05 8.6319e-05 9.56028e-05 0.00010479 0.000113872 0.00012284 0.000131683 0.000140394 0.000148964 0.000157384 0.000165645 0.000173739 0.000181659 0.000189395 0.000196941 0.000204289 0.000211431 0.00021836 0.000225069 0.000231551 0.000237801 0.000243811 0.000249575 0.000255088 0.000260344 0.000265338 0.000270065 0.00027452 0.000278699 0.000282597 0.00028621 0.000289535 0.000292569 0.000295308 0.00029775 0.000299892 0.000301732 0.000303268 0.000304498 0.000305423 0.000306039 0.000306348 0.000306348 0.000306039 0.000305423 0.000304498 0.000303268 0.000301732 0.000299892 0.00029775 0.000295308 0.000292569 0.000289535 0.00028621 0.000282597 0.000278699 0.00027452 0.000270065 0.000265338 0.000260344 0.000255088 0.000249575 0.000243811 0.000237801 0.000231551 0.000225069 0.00021836 0.000211431 0.000204289 0.000196941 0.000189395 0.000181659 0.000173739 0.000165645 0.000157384 0.000148964 0.000140394 0.000131683 0.00012284 0.000113872 0.00010479 9.56028e-05 8.6319e-05 7.69483e-05 6.75001e-05 5.7984e-05 4.84095e-05 3.87862e-05 2.91239e-05 1.94322e-05 9.721e-06 0 
